kernel line : count latency dram_traffic smem_bk_conflicts smem_warp gmem_access_generated gmem_warp exposed_latency warp_divergence
sgemm.1.sm_70.ptx 4188 : 10 660 0 0 0 0 0 0 0 
sgemm.1.sm_70.ptx 4185 : 10 660 0 0 0 0 0 0 0 
sgemm.1.sm_70.ptx 4182 : 10 30 0 0 0 0 0 0 0 
sgemm.1.sm_70.ptx 4179 : 10 30 0 0 0 10 10 0 0 
sgemm.1.sm_70.ptx 4176 : 10 30 0 0 0 10 10 0 0 
sgemm.1.sm_70.ptx 4174 : 10 50 0 0 0 0 0 0 0 
sgemm.1.sm_70.ptx 4173 : 10 90 0 0 0 0 0 0 0 
sgemm.1.sm_70.ptx 4172 : 10 60 0 0 0 0 0 0 0 
sgemm.1.sm_70.ptx 4171 : 10 50 0 0 0 0 0 0 0 
sgemm.1.sm_70.ptx 3863 : 1280 14912 0 0 0 160 40 0 0 
sgemm.1.sm_70.ptx 3861 : 1280 6400 0 0 0 0 0 0 0 
sgemm.1.sm_70.ptx 3860 : 1280 11520 0 0 0 0 0 0 0 
sgemm.1.sm_70.ptx 3859 : 1280 7680 0 0 0 0 0 0 0 
sgemm.1.sm_70.ptx 3858 : 1280 8832 0 0 0 160 40 0 0 
sgemm.1.sm_70.ptx 3857 : 1280 11520 0 0 0 0 0 0 0 
sgemm.1.sm_70.ptx 3856 : 1280 559296 5120 0 0 160 40 0 0 
sgemm.1.sm_70.ptx 3855 : 1280 11520 0 0 0 0 0 0 0 
sgemm.1.sm_70.ptx 3854 : 1280 10272 0 0 0 160 40 0 0 
sgemm.1.sm_70.ptx 3853 : 1280 11520 0 0 0 0 0 0 0 
sgemm.1.sm_70.ptx 3852 : 1280 559936 5120 0 0 160 40 0 0 
sgemm.1.sm_70.ptx 3851 : 1280 11520 0 0 0 0 0 0 0 
sgemm.1.sm_70.ptx 3850 : 1280 9696 0 0 0 160 40 0 0 
sgemm.1.sm_70.ptx 3849 : 1280 11520 0 0 0 0 0 0 0 
sgemm.1.sm_70.ptx 3848 : 1280 562432 5120 0 0 160 40 0 0 
sgemm.1.sm_70.ptx 3847 : 1280 11520 0 0 0 0 0 0 0 
sgemm.1.sm_70.ptx 3846 : 1280 11136 0 0 0 160 40 0 0 
sgemm.1.sm_70.ptx 3845 : 1280 11520 0 0 0 0 0 0 0 
sgemm.1.sm_70.ptx 3844 : 1280 562304 5120 0 0 160 40 0 0 
sgemm.1.sm_70.ptx 3843 : 1280 11520 0 0 0 0 0 0 0 
sgemm.1.sm_70.ptx 3842 : 1280 10848 0 0 0 160 40 0 0 
sgemm.1.sm_70.ptx 3841 : 1280 11520 0 0 0 0 0 0 0 
sgemm.1.sm_70.ptx 3840 : 1280 561088 5120 0 0 160 40 0 0 
sgemm.1.sm_70.ptx 3839 : 1280 11520 0 0 0 0 0 0 0 
sgemm.1.sm_70.ptx 3838 : 1280 11136 0 0 0 160 40 0 0 
sgemm.1.sm_70.ptx 3837 : 1280 11520 0 0 0 0 0 0 0 
sgemm.1.sm_70.ptx 3836 : 1280 557024 5120 0 0 160 40 0 0 
sgemm.1.sm_70.ptx 3835 : 1280 11520 0 0 0 0 0 0 0 
sgemm.1.sm_70.ptx 3834 : 1280 10080 0 0 0 160 40 0 0 
sgemm.1.sm_70.ptx 3833 : 1280 11520 0 0 0 0 0 0 0 
sgemm.1.sm_70.ptx 3832 : 1280 556480 5120 0 0 160 40 0 0 
sgemm.1.sm_70.ptx 3831 : 1280 11520 0 0 0 0 0 0 0 
sgemm.1.sm_70.ptx 3830 : 1280 10112 0 0 0 160 40 0 0 
sgemm.1.sm_70.ptx 3829 : 1280 11520 0 0 0 0 0 0 0 
sgemm.1.sm_70.ptx 3828 : 1280 554944 5120 0 0 160 40 0 0 
sgemm.1.sm_70.ptx 3827 : 1280 11520 0 0 0 0 0 0 0 
sgemm.1.sm_70.ptx 3826 : 1280 10304 0 0 0 160 40 0 0 
sgemm.1.sm_70.ptx 3825 : 1280 11520 0 0 0 0 0 0 0 
sgemm.1.sm_70.ptx 3824 : 1280 560128 5120 0 0 160 40 0 0 
sgemm.1.sm_70.ptx 3823 : 1280 11520 0 0 0 0 0 0 0 
sgemm.1.sm_70.ptx 3822 : 1280 9856 0 0 0 160 40 0 0 
sgemm.1.sm_70.ptx 3821 : 1280 11520 0 0 0 0 0 0 0 
sgemm.1.sm_70.ptx 3820 : 1280 559872 5120 0 0 160 40 0 0 
sgemm.1.sm_70.ptx 3819 : 1280 11520 0 0 0 0 0 0 0 
sgemm.1.sm_70.ptx 3818 : 1280 9824 0 0 0 160 40 0 0 
sgemm.1.sm_70.ptx 3817 : 1280 11520 0 0 0 0 0 0 0 
sgemm.1.sm_70.ptx 3816 : 1280 559136 5120 0 0 160 40 0 0 
sgemm.1.sm_70.ptx 3815 : 1280 11520 0 0 0 0 0 0 0 
sgemm.1.sm_70.ptx 3814 : 1280 10176 0 0 0 160 40 0 0 
sgemm.1.sm_70.ptx 3813 : 1280 11520 0 0 0 0 0 0 0 
sgemm.1.sm_70.ptx 3812 : 1280 559840 5120 0 0 160 40 0 0 
sgemm.1.sm_70.ptx 3811 : 1280 11520 0 0 0 0 0 0 0 
sgemm.1.sm_70.ptx 3810 : 1280 11200 0 0 0 160 40 0 0 
sgemm.1.sm_70.ptx 3809 : 1280 11520 0 0 0 0 0 0 0 
sgemm.1.sm_70.ptx 3808 : 1280 560320 5120 0 0 160 40 0 0 
sgemm.1.sm_70.ptx 3807 : 1280 11520 0 0 0 0 0 0 0 
sgemm.1.sm_70.ptx 3806 : 1280 10272 0 0 0 160 40 0 0 
sgemm.1.sm_70.ptx 3805 : 1280 11520 0 0 0 0 0 0 0 
sgemm.1.sm_70.ptx 3804 : 1280 557984 5120 0 0 160 40 0 0 
sgemm.1.sm_70.ptx 3803 : 1280 11520 0 0 0 0 0 0 0 
sgemm.1.sm_70.ptx 3802 : 1280 10528 0 0 0 160 40 0 0 
sgemm.1.sm_70.ptx 3801 : 1280 11520 0 0 0 0 0 0 0 
sgemm.1.sm_70.ptx 3800 : 1280 555072 5120 0 0 160 40 0 0 
sgemm.1.sm_70.ptx 3799 : 1280 11520 0 0 0 0 0 0 0 
sgemm.1.sm_70.ptx 3798 : 1280 11520 0 0 0 0 0 0 0 
sgemm.1.sm_70.ptx 3797 : 1280 8032 0 0 0 160 40 0 0 
sgemm.1.sm_70.ptx 3796 : 1280 11520 0 0 0 0 0 0 0 
sgemm.1.sm_70.ptx 3795 : 1280 6400 0 0 0 0 0 0 0 
sgemm.1.sm_70.ptx 3794 : 1280 564128 5120 0 0 160 40 0 0 
sgemm.1.sm_70.ptx 3793 : 1280 11520 0 0 0 0 0 0 0 
sgemm.1.sm_70.ptx 3792 : 1280 11520 0 0 0 0 0 0 0 
sgemm.1.sm_70.ptx 3791 : 1280 7680 0 0 0 0 0 0 0 
sgemm.1.sm_70.ptx 3790 : 1280 7680 0 0 0 0 0 0 0 
sgemm.1.sm_70.ptx 3789 : 1280 12800 0 0 0 0 0 0 0 
sgemm.1.sm_70.ptx 3788 : 1280 11520 0 0 0 0 0 0 0 
sgemm.1.sm_70.ptx 3787 : 1280 7680 0 0 0 0 0 0 0 
sgemm.1.sm_70.ptx 3786 : 1280 7680 0 0 0 0 0 0 0 
sgemm.1.sm_70.ptx 3783 : 15360 70400 0 0 0 0 0 0 0 
sgemm.1.sm_70.ptx 4192 : 1280 6400 0 0 0 0 0 0 0 
sgemm.1.sm_70.ptx 3782 : 15360 92160 0 0 0 0 0 0 0 
sgemm.1.sm_70.ptx 3781 : 15360 138240 0 0 0 0 0 0 0 
sgemm.1.sm_70.ptx 3780 : 15360 76800 0 0 0 0 0 0 0 
sgemm.1.sm_70.ptx 3778 : 122880 537760 0 0 0 0 0 0 0 
sgemm.1.sm_70.ptx 3777 : 122880 737280 0 0 0 0 0 0 0 
sgemm.1.sm_70.ptx 3776 : 122880 1105920 0 0 0 0 0 0 0 
sgemm.1.sm_70.ptx 3775 : 122880 1105920 0 0 0 0 0 0 0 
sgemm.1.sm_70.ptx 3774 : 122880 1105920 0 0 0 0 0 0 0 
sgemm.1.sm_70.ptx 3773 : 122880 737280 0 0 0 0 0 0 0 
sgemm.1.sm_70.ptx 3772 : 122880 2950208 0 3840 3840 0 0 0 0 
sgemm.1.sm_70.ptx 3771 : 122880 737280 0 0 0 0 0 0 0 
sgemm.1.sm_70.ptx 3770 : 122880 2950368 0 3840 3840 0 0 0 0 
sgemm.1.sm_70.ptx 3769 : 122880 737280 0 0 0 0 0 0 0 
sgemm.1.sm_70.ptx 3768 : 122880 2949632 0 3840 3840 0 0 0 0 
sgemm.1.sm_70.ptx 3767 : 122880 737280 0 0 0 0 0 0 0 
sgemm.1.sm_70.ptx 3766 : 122880 2949248 0 3840 3840 0 0 0 0 
sgemm.1.sm_70.ptx 3711 : 1280 7680 0 0 0 0 0 0 0 
sgemm.1.sm_70.ptx 4120 : 1280 25984 0 0 0 160 40 0 0 
sgemm.1.sm_70.ptx 3710 : 1280 7680 0 0 0 0 0 0 0 
sgemm.1.sm_70.ptx 3709 : 1280 6400 0 0 0 0 0 0 0 
sgemm.1.sm_70.ptx 4118 : 1280 11520 0 0 0 0 0 0 0 
sgemm.1.sm_70.ptx 3708 : 1280 6400 0 0 0 0 0 0 0 
sgemm.1.sm_70.ptx 3707 : 1280 7680 0 0 0 0 0 0 0 
sgemm.1.sm_70.ptx 4116 : 1280 22912 0 0 0 160 40 0 0 
sgemm.1.sm_70.ptx 3706 : 1280 7680 0 0 0 0 0 0 0 
sgemm.1.sm_70.ptx 3705 : 1280 11520 0 0 0 0 0 0 0 
sgemm.1.sm_70.ptx 4114 : 1280 11520 0 0 0 0 0 0 0 
sgemm.1.sm_70.ptx 3704 : 1280 8320 0 0 0 0 0 0 0 
sgemm.1.sm_70.ptx 3703 : 1280 12800 0 0 0 0 0 0 0 
sgemm.1.sm_70.ptx 4112 : 1280 22848 0 0 0 160 40 0 0 
sgemm.1.sm_70.ptx 3702 : 1280 12160 0 0 0 0 0 0 0 
sgemm.1.sm_70.ptx 3701 : 1280 7680 0 0 0 0 0 0 0 
sgemm.1.sm_70.ptx 4110 : 1280 11520 0 0 0 0 0 0 0 
sgemm.1.sm_70.ptx 3700 : 1280 11520 0 0 0 0 0 0 0 
sgemm.1.sm_70.ptx 3699 : 1280 7040 0 0 0 0 0 0 0 
sgemm.1.sm_70.ptx 4108 : 1280 21120 0 0 0 160 40 0 0 
sgemm.1.sm_70.ptx 3698 : 1280 7680 0 0 0 0 0 0 0 
sgemm.1.sm_70.ptx 3696 : 1280 0 0 0 0 0 0 0 0 
sgemm.1.sm_70.ptx 3695 : 1280 7680 0 0 0 0 0 0 0 
sgemm.1.sm_70.ptx 4104 : 1280 18464 0 0 0 160 40 0 0 
sgemm.1.sm_70.ptx 3694 : 1280 7680 0 0 0 0 0 0 0 
sgemm.1.sm_70.ptx 3693 : 1280 7680 0 0 0 0 0 0 0 
sgemm.1.sm_70.ptx 4102 : 1280 11520 0 0 0 0 0 0 0 
sgemm.1.sm_70.ptx 3692 : 1280 7680 0 0 0 0 0 0 0 
sgemm.1.sm_70.ptx 3691 : 1280 7680 0 0 0 0 0 0 0 
sgemm.1.sm_70.ptx 4100 : 1280 16416 0 0 0 160 40 0 0 
sgemm.1.sm_70.ptx 3690 : 1280 7680 0 0 0 0 0 0 0 
sgemm.1.sm_70.ptx 3689 : 1280 7680 0 0 0 0 0 0 0 
sgemm.1.sm_70.ptx 4098 : 1280 11520 0 0 0 0 0 0 0 
sgemm.1.sm_70.ptx 3688 : 1280 7680 0 0 0 0 0 0 0 
sgemm.1.sm_70.ptx 3687 : 1280 7680 0 0 0 0 0 0 0 
sgemm.1.sm_70.ptx 4096 : 1280 14336 0 0 0 160 40 0 0 
sgemm.1.sm_70.ptx 3873 : 1280 11520 0 0 0 0 0 0 0 
sgemm.1.sm_70.ptx 3674 : 1280 6400 0 0 0 0 0 0 0 
sgemm.1.sm_70.ptx 3673 : 1280 7680 0 0 0 0 0 0 0 
sgemm.1.sm_70.ptx 4082 : 1280 11520 0 0 0 0 0 0 0 
sgemm.1.sm_70.ptx 3871 : 1280 25600 0 0 0 160 40 0 0 
sgemm.1.sm_70.ptx 3672 : 1280 13120 0 0 0 0 0 0 0 
sgemm.1.sm_70.ptx 4081 : 1280 7680 0 0 0 0 0 0 0 
sgemm.1.sm_70.ptx 3671 : 1280 19520 0 0 0 0 0 0 0 
sgemm.1.sm_70.ptx 4080 : 1280 8864 0 0 0 160 40 0 0 
sgemm.1.sm_70.ptx 3869 : 1280 11520 0 0 0 0 0 0 0 
sgemm.1.sm_70.ptx 3670 : 1280 20480 0 0 0 0 0 0 0 
sgemm.1.sm_70.ptx 4079 : 1280 7680 0 0 0 0 0 0 0 
sgemm.1.sm_70.ptx 3669 : 1280 18560 0 0 0 0 0 0 0 
sgemm.1.sm_70.ptx 4078 : 1280 11520 0 0 0 0 0 0 0 
sgemm.1.sm_70.ptx 3867 : 1280 18624 0 0 0 160 40 0 0 
sgemm.1.sm_70.ptx 3668 : 1280 16640 0 0 0 0 0 0 0 
sgemm.1.sm_70.ptx 4077 : 1280 267424 0 0 0 160 40 0 0 
sgemm.1.sm_70.ptx 3765 : 122880 737280 0 0 0 0 0 0 0 
sgemm.1.sm_70.ptx 3667 : 1280 11840 0 0 0 0 0 0 0 
sgemm.1.sm_70.ptx 4076 : 1280 7680 0 0 0 160 40 0 0 
sgemm.1.sm_70.ptx 3764 : 122880 2949120 0 3840 3840 0 0 0 0 
sgemm.1.sm_70.ptx 3865 : 1280 11520 0 0 0 0 0 0 0 
sgemm.1.sm_70.ptx 3666 : 1280 7360 0 0 0 0 0 0 0 
sgemm.1.sm_70.ptx 4075 : 1280 7680 0 0 0 0 0 0 0 
sgemm.1.sm_70.ptx 3763 : 122880 737280 0 0 0 0 0 0 0 
sgemm.1.sm_70.ptx 3665 : 1280 4800 0 0 0 0 0 0 0 
sgemm.1.sm_70.ptx 4074 : 1280 11520 0 0 0 0 0 0 0 
sgemm.1.sm_70.ptx 3762 : 122880 2949120 0 3840 3840 0 0 0 0 
sgemm.1.sm_70.ptx 3675 : 1280 12800 0 0 0 0 0 0 0 
sgemm.1.sm_70.ptx 4084 : 1280 10176 0 0 0 160 40 0 0 
sgemm.1.sm_70.ptx 3875 : 1280 36224 0 0 0 160 40 0 0 
sgemm.1.sm_70.ptx 3676 : 1280 7040 0 0 0 0 0 0 0 
sgemm.1.sm_70.ptx 3677 : 1280 9280 0 0 0 0 0 0 0 
sgemm.1.sm_70.ptx 4086 : 1280 11520 0 0 0 0 0 0 0 
sgemm.1.sm_70.ptx 3877 : 1280 11520 0 0 0 0 0 0 0 
sgemm.1.sm_70.ptx 3678 : 1280 8960 0 0 0 0 0 0 0 
sgemm.1.sm_70.ptx 3679 : 1280 8640 0 0 0 0 0 0 0 
sgemm.1.sm_70.ptx 4088 : 1280 11520 0 0 0 160 40 0 0 
sgemm.1.sm_70.ptx 3879 : 1280 40192 0 0 0 160 40 0 0 
sgemm.1.sm_70.ptx 3680 : 1280 7680 0 0 0 0 0 0 0 
sgemm.1.sm_70.ptx 3681 : 1280 7680 0 0 0 0 0 0 0 
sgemm.1.sm_70.ptx 4090 : 1280 11520 0 0 0 0 0 0 0 
sgemm.1.sm_70.ptx 3682 : 1280 7680 0 0 0 0 0 0 0 
sgemm.1.sm_70.ptx 3683 : 1280 7680 0 0 0 0 0 0 0 
sgemm.1.sm_70.ptx 4092 : 1280 13056 0 0 0 160 40 0 0 
sgemm.1.sm_70.ptx 3684 : 1280 7680 0 0 0 0 0 0 0 
sgemm.1.sm_70.ptx 3685 : 1280 7680 0 0 0 0 0 0 0 
sgemm.1.sm_70.ptx 4094 : 1280 11520 0 0 0 0 0 0 0 
sgemm.1.sm_70.ptx 3686 : 1280 7680 0 0 0 0 0 0 0 
sgemm.1.sm_70.ptx 3712 : 1280 7680 0 0 0 0 0 0 0 
sgemm.1.sm_70.ptx 3713 : 1280 7680 0 0 0 0 0 0 0 
sgemm.1.sm_70.ptx 4122 : 1280 11520 0 0 0 0 0 0 0 
sgemm.1.sm_70.ptx 3714 : 1280 7680 0 0 0 0 0 0 0 
sgemm.1.sm_70.ptx 3715 : 1280 7680 0 0 0 0 0 0 0 
sgemm.1.sm_70.ptx 4124 : 1280 24032 0 0 0 160 40 0 0 
sgemm.1.sm_70.ptx 3716 : 1280 7680 0 0 0 0 0 0 0 
sgemm.1.sm_70.ptx 3717 : 1280 7680 0 0 0 0 0 0 0 
sgemm.1.sm_70.ptx 4126 : 1280 11520 0 0 0 0 0 0 0 
sgemm.1.sm_70.ptx 3718 : 1280 7680 0 0 0 0 0 0 0 
sgemm.1.sm_70.ptx 3719 : 1280 7680 0 0 0 0 0 0 0 
sgemm.1.sm_70.ptx 4128 : 1280 25344 0 0 0 160 40 0 0 
sgemm.1.sm_70.ptx 3720 : 1280 7680 0 0 0 0 0 0 0 
sgemm.1.sm_70.ptx 3721 : 1280 7680 0 0 0 0 0 0 0 
sgemm.1.sm_70.ptx 4130 : 1280 11520 0 0 0 0 0 0 0 
sgemm.1.sm_70.ptx 3722 : 1280 7680 0 0 0 0 0 0 0 
sgemm.1.sm_70.ptx 3723 : 1280 7680 0 0 0 0 0 0 0 
sgemm.1.sm_70.ptx 4132 : 1280 26528 0 0 0 160 40 0 0 
sgemm.1.sm_70.ptx 3724 : 1280 7680 0 0 0 0 0 0 0 
sgemm.1.sm_70.ptx 3727 : 15360 138240 0 0 0 0 0 0 0 
sgemm.1.sm_70.ptx 4136 : 1280 25536 0 0 0 160 40 0 0 
sgemm.1.sm_70.ptx 3728 : 15360 153600 0 0 0 0 0 0 0 
sgemm.1.sm_70.ptx 3729 : 15360 138240 0 0 0 0 0 0 0 
sgemm.1.sm_70.ptx 4138 : 1280 11552 0 0 0 0 0 0 0 
sgemm.1.sm_70.ptx 3730 : 15360 138240 0 0 0 0 0 0 0 
sgemm.1.sm_70.ptx 3731 : 15360 3095808 0 0 0 1920 480 0 0 
sgemm.1.sm_70.ptx 4140 : 1280 25632 0 0 0 160 40 0 0 
sgemm.1.sm_70.ptx 3732 : 15360 46080 0 480 480 0 0 0 0 
sgemm.1.sm_70.ptx 3733 : 15360 76800 0 0 0 0 0 0 0 
sgemm.1.sm_70.ptx 4142 : 1280 11584 0 0 0 0 0 0 0 
sgemm.1.sm_70.ptx 3734 : 15360 156448 0 0 0 0 0 0 0 
sgemm.1.sm_70.ptx 3735 : 15360 94304 0 0 0 0 0 0 0 
sgemm.1.sm_70.ptx 4144 : 1280 25088 0 0 0 160 40 0 0 
sgemm.1.sm_70.ptx 3736 : 15360 102592 0 0 0 0 0 0 0 
sgemm.1.sm_70.ptx 3739 : 122880 1105920 0 0 0 0 0 0 0 
sgemm.1.sm_70.ptx 3740 : 122880 1105920 0 0 0 0 0 0 0 
sgemm.1.sm_70.ptx 4149 : 1280 6400 0 0 0 0 0 0 0 
sgemm.1.sm_70.ptx 3741 : 122880 3063904 0 3840 3840 0 0 0 0 
sgemm.1.sm_70.ptx 3742 : 122880 24293248 0 0 0 15360 3840 0 0 
sgemm.1.sm_70.ptx 4151 : 1280 104608 0 0 0 0 0 0 0 
sgemm.1.sm_70.ptx 3743 : 122880 737280 0 0 0 0 0 0 0 
sgemm.1.sm_70.ptx 3744 : 122880 2949344 0 3840 3840 0 0 0 0 
sgemm.1.sm_70.ptx 3745 : 122880 737280 0 0 0 0 0 0 0 
sgemm.1.sm_70.ptx 4154 : 1280 104608 0 0 0 0 0 0 0 
sgemm.1.sm_70.ptx 3746 : 122880 2949216 0 3840 3840 0 0 0 0 
sgemm.1.sm_70.ptx 3747 : 122880 737280 0 0 0 0 0 0 0 
sgemm.1.sm_70.ptx 4156 : 1280 6400 0 0 0 0 0 0 0 
sgemm.1.sm_70.ptx 3748 : 122880 2949344 0 3840 3840 0 0 0 0 
sgemm.1.sm_70.ptx 4157 : 1280 6350 0 0 0 0 0 0 10 
sgemm.1.sm_70.ptx 3749 : 122880 737280 0 0 0 0 0 0 0 
sgemm.1.sm_70.ptx 4158 : 10 50 0 0 0 0 0 0 0 
sgemm.1.sm_70.ptx 3750 : 122880 2949152 0 3840 3840 0 0 0 0 
sgemm.1.sm_70.ptx 3751 : 122880 737280 0 0 0 0 0 0 0 
sgemm.1.sm_70.ptx 3752 : 122880 2949152 0 3840 3840 0 0 0 0 
sgemm.1.sm_70.ptx 4161 : 10 50 0 0 0 0 0 0 0 
sgemm.1.sm_70.ptx 3753 : 122880 737280 0 0 0 0 0 0 0 
sgemm.1.sm_70.ptx 4162 : 10 50 0 0 0 0 0 0 0 
sgemm.1.sm_70.ptx 3754 : 122880 2949120 0 3840 3840 0 0 0 0 
sgemm.1.sm_70.ptx 4163 : 10 50 0 0 0 0 0 0 0 
sgemm.1.sm_70.ptx 3755 : 122880 737280 0 0 0 0 0 0 0 
sgemm.1.sm_70.ptx 4164 : 10 50 0 0 0 0 0 0 0 
sgemm.1.sm_70.ptx 3756 : 122880 2949120 0 3840 3840 0 0 0 0 
sgemm.1.sm_70.ptx 4165 : 10 50 0 0 0 0 0 0 0 
sgemm.1.sm_70.ptx 3757 : 122880 737280 0 0 0 0 0 0 0 
sgemm.1.sm_70.ptx 4166 : 10 50 0 0 0 0 0 0 0 
sgemm.1.sm_70.ptx 3758 : 122880 2949120 0 3840 3840 0 0 0 0 
sgemm.1.sm_70.ptx 4167 : 10 50 0 0 0 0 0 0 0 
sgemm.1.sm_70.ptx 3759 : 122880 737280 0 0 0 0 0 0 0 
sgemm.1.sm_70.ptx 4168 : 10 100 0 0 0 0 0 0 0 
sgemm.1.sm_70.ptx 3760 : 122880 2949120 0 3840 3840 0 0 0 0 
sgemm.1.sm_70.ptx 4169 : 10 100 0 0 0 0 0 0 0 
sgemm.1.sm_70.ptx 3761 : 122880 737280 0 0 0 0 0 0 0 
sgemm.1.sm_70.ptx 4170 : 10 90 0 0 0 0 0 0 0 
sgemm.1.sm_70.ptx 3881 : 1280 11520 0 0 0 0 0 0 0 
sgemm.1.sm_70.ptx 3883 : 1280 48512 0 0 0 160 40 0 0 
sgemm.1.sm_70.ptx 3885 : 1280 11712 0 0 0 0 0 0 0 
sgemm.1.sm_70.ptx 3887 : 1280 53056 0 0 0 160 40 0 0 
sgemm.1.sm_70.ptx 3889 : 1280 14816 0 0 0 0 0 0 0 
sgemm.1.sm_70.ptx 3891 : 1280 57696 0 0 0 160 40 0 0 
sgemm.1.sm_70.ptx 3893 : 1280 17344 0 0 0 0 0 0 0 
sgemm.1.sm_70.ptx 3895 : 1280 61344 0 0 0 160 40 0 0 
sgemm.1.sm_70.ptx 3897 : 1280 17728 0 0 0 0 0 0 0 
sgemm.1.sm_70.ptx 3899 : 1280 63072 0 0 0 160 40 0 0 
sgemm.1.sm_70.ptx 3901 : 1280 17920 0 0 0 0 0 0 0 
sgemm.1.sm_70.ptx 3903 : 1280 64352 0 0 0 160 40 0 0 
sgemm.1.sm_70.ptx 3905 : 1280 19712 0 0 0 0 0 0 0 
sgemm.1.sm_70.ptx 3907 : 1280 63872 0 0 0 160 40 0 0 
sgemm.1.sm_70.ptx 3909 : 1280 19424 0 0 0 0 0 0 0 
sgemm.1.sm_70.ptx 3911 : 1280 63616 0 0 0 160 40 0 0 
sgemm.1.sm_70.ptx 3913 : 1280 20032 0 0 0 0 0 0 0 
sgemm.1.sm_70.ptx 3915 : 1280 62560 0 0 0 160 40 0 0 
sgemm.1.sm_70.ptx 3917 : 1280 20736 0 0 0 0 0 0 0 
sgemm.1.sm_70.ptx 3919 : 1280 59872 0 0 0 160 40 0 0 
sgemm.1.sm_70.ptx 3921 : 1280 18592 0 0 0 0 0 0 0 
sgemm.1.sm_70.ptx 3923 : 1280 55296 0 0 0 160 40 0 0 
sgemm.1.sm_70.ptx 3926 : 1280 55968 0 0 0 0 0 0 0 
sgemm.1.sm_70.ptx 3928 : 1280 6400 0 0 0 0 0 0 0 
sgemm.1.sm_70.ptx 3930 : 1280 159424 0 0 0 0 0 0 0 
sgemm.1.sm_70.ptx 3933 : 1280 159424 0 0 0 0 0 0 0 
sgemm.1.sm_70.ptx 3935 : 1280 6400 0 0 0 0 0 0 0 
sgemm.1.sm_70.ptx 3936 : 1280 6400 0 0 0 0 0 0 0 
sgemm.1.sm_70.ptx 3937 : 1280 7680 0 0 0 0 0 0 0 
sgemm.1.sm_70.ptx 3938 : 1280 7040 0 0 0 0 0 0 0 
sgemm.1.sm_70.ptx 3939 : 1280 11520 0 0 0 0 0 0 0 
sgemm.1.sm_70.ptx 3940 : 1280 8064 0 0 0 0 0 0 0 
sgemm.1.sm_70.ptx 3941 : 1280 11520 0 0 0 0 0 0 0 
sgemm.1.sm_70.ptx 3942 : 1280 7680 0 0 0 0 0 0 0 
sgemm.1.sm_70.ptx 3943 : 1280 6350 0 0 0 0 0 0 10 
sgemm.1.sm_70.ptx 3945 : 10 50 0 0 0 0 0 0 0 
sgemm.1.sm_70.ptx 3977 : 1280 3360 0 0 0 0 0 0 0 
sgemm.1.sm_70.ptx 3946 : 10 50 0 0 0 0 0 0 0 
sgemm.1.sm_70.ptx 3947 : 10 50 0 0 0 0 0 0 0 
sgemm.1.sm_70.ptx 3948 : 10 50 0 0 0 0 0 0 0 
sgemm.1.sm_70.ptx 3978 : 1280 11520 0 0 0 0 0 0 0 
sgemm.1.sm_70.ptx 3949 : 10 50 0 0 0 0 0 0 0 
sgemm.1.sm_70.ptx 3950 : 10 50 0 0 0 0 0 0 0 
sgemm.1.sm_70.ptx 3951 : 10 50 0 0 0 0 0 0 0 
sgemm.1.sm_70.ptx 3952 : 10 100 0 0 0 0 0 0 0 
sgemm.1.sm_70.ptx 3979 : 1280 11520 0 0 0 0 0 0 0 
sgemm.1.sm_70.ptx 3980 : 1280 11520 0 0 0 0 0 0 0 
sgemm.1.sm_70.ptx 3953 : 10 100 0 0 0 0 0 0 0 
sgemm.1.sm_70.ptx 3981 : 1280 11520 0 0 0 0 0 0 0 
sgemm.1.sm_70.ptx 3954 : 10 90 0 0 0 0 0 0 0 
sgemm.1.sm_70.ptx 3955 : 10 50 0 0 0 0 0 0 0 
sgemm.1.sm_70.ptx 3956 : 10 60 0 0 0 0 0 0 0 
sgemm.1.sm_70.ptx 3982 : 1280 11520 0 0 0 0 0 0 0 
sgemm.1.sm_70.ptx 3957 : 10 90 0 0 0 0 0 0 0 
sgemm.1.sm_70.ptx 3958 : 10 50 0 0 0 0 0 0 0 
sgemm.1.sm_70.ptx 3983 : 1280 11520 0 0 0 0 0 0 0 
sgemm.1.sm_70.ptx 3984 : 1280 2560 0 0 0 0 0 0 0 
sgemm.1.sm_70.ptx 3985 : 1280 11520 0 0 0 0 0 0 0 
sgemm.1.sm_70.ptx 3960 : 10 30 0 0 0 10 10 0 0 
sgemm.1.sm_70.ptx 3963 : 10 30 0 0 0 10 10 0 0 
sgemm.1.sm_70.ptx 3966 : 10 30 0 0 0 0 0 0 0 
sgemm.1.sm_70.ptx 3986 : 1280 11520 0 0 0 0 0 0 0 
sgemm.1.sm_70.ptx 3987 : 1280 11520 0 0 0 0 0 0 0 
sgemm.1.sm_70.ptx 3988 : 1280 11520 0 0 0 0 0 0 0 
sgemm.1.sm_70.ptx 3989 : 1280 11520 0 0 0 0 0 0 0 
sgemm.1.sm_70.ptx 3990 : 1280 11520 0 0 0 0 0 0 0 
sgemm.1.sm_70.ptx 3991 : 1280 2560 0 0 0 0 0 0 0 
sgemm.1.sm_70.ptx 3992 : 1280 11520 0 0 0 0 0 0 0 
sgemm.1.sm_70.ptx 3993 : 1280 11520 0 0 0 0 0 0 0 
sgemm.1.sm_70.ptx 3994 : 1280 11520 0 0 0 0 0 0 0 
sgemm.1.sm_70.ptx 3995 : 1280 11520 0 0 0 0 0 0 0 
sgemm.1.sm_70.ptx 3996 : 1280 11520 0 0 0 0 0 0 0 
sgemm.1.sm_70.ptx 3997 : 1280 11520 0 0 0 0 0 0 0 
sgemm.1.sm_70.ptx 3998 : 1280 11584 0 0 0 0 0 0 0 
sgemm.1.sm_70.ptx 3999 : 1280 11744 0 0 0 0 0 0 0 
sgemm.1.sm_70.ptx 4000 : 1280 11872 0 0 0 0 0 0 0 
sgemm.1.sm_70.ptx 4001 : 1280 11520 0 0 0 0 0 0 0 
sgemm.1.sm_70.ptx 4002 : 1280 11520 0 0 0 0 0 0 0 
sgemm.1.sm_70.ptx 4003 : 1280 2976 0 0 0 0 0 0 0 
sgemm.1.sm_70.ptx 4004 : 1280 11520 0 0 0 0 0 0 0 
sgemm.1.sm_70.ptx 4005 : 1280 11744 0 0 0 0 0 0 0 
sgemm.1.sm_70.ptx 4006 : 1280 11808 0 0 0 0 0 0 0 
sgemm.1.sm_70.ptx 4007 : 1280 11648 0 0 0 0 0 0 0 
sgemm.1.sm_70.ptx 4008 : 1280 11520 0 0 0 0 0 0 0 
sgemm.1.sm_70.ptx 4009 : 1280 11520 0 0 0 0 0 0 0 
sgemm.1.sm_70.ptx 4010 : 1280 11520 0 0 0 0 0 0 0 
sgemm.1.sm_70.ptx 4011 : 1280 3008 0 0 0 0 0 0 0 
sgemm.1.sm_70.ptx 4012 : 1280 3616 0 0 0 0 0 0 0 
sgemm.1.sm_70.ptx 4013 : 1280 6432 0 0 0 0 0 0 0 
sgemm.1.sm_70.ptx 4014 : 1280 6688 0 0 0 0 0 0 0 
sgemm.1.sm_70.ptx 4015 : 1280 6048 0 0 0 0 0 0 0 
sgemm.1.sm_70.ptx 4016 : 1280 7680 0 0 0 0 0 0 0 
sgemm.1.sm_70.ptx 4017 : 1280 253824 0 0 0 160 40 0 0 
sgemm.1.sm_70.ptx 4018 : 1280 11520 0 0 0 0 0 0 0 
sgemm.1.sm_70.ptx 3968 : 10 50 0 0 0 0 0 0 0 
sgemm.1.sm_70.ptx 3970 : 10 660 0 0 0 0 0 0 0 
sgemm.1.sm_70.ptx 3973 : 10 660 0 0 0 0 0 0 0 
sgemm.1.sm_70.ptx 4019 : 1280 7680 0 0 0 0 0 0 0 
sgemm.1.sm_70.ptx 4020 : 1280 10688 0 0 0 160 40 0 0 
sgemm.1.sm_70.ptx 4021 : 1280 257856 0 0 0 160 40 0 0 
sgemm.1.sm_70.ptx 4022 : 1280 11520 0 0 0 0 0 0 0 
sgemm.1.sm_70.ptx 4023 : 1280 7680 0 0 0 0 0 0 0 
sgemm.1.sm_70.ptx 4024 : 1280 7840 0 0 0 160 40 0 0 
sgemm.1.sm_70.ptx 4025 : 1280 253984 0 0 0 160 40 0 0 
sgemm.1.sm_70.ptx 4026 : 1280 11520 0 0 0 0 0 0 0 
sgemm.1.sm_70.ptx 4027 : 1280 7680 0 0 0 0 0 0 0 
sgemm.1.sm_70.ptx 4028 : 1280 7680 0 0 0 160 40 0 0 
sgemm.1.sm_70.ptx 4029 : 1280 280768 0 0 0 160 40 0 0 
sgemm.1.sm_70.ptx 4030 : 1280 11520 0 0 0 0 0 0 0 
sgemm.1.sm_70.ptx 4031 : 1280 7680 0 0 0 0 0 0 0 
sgemm.1.sm_70.ptx 4032 : 1280 7936 0 0 0 160 40 0 0 
sgemm.1.sm_70.ptx 4033 : 1280 254208 0 0 0 160 40 0 0 
sgemm.1.sm_70.ptx 4034 : 1280 11520 0 0 0 0 0 0 0 
sgemm.1.sm_70.ptx 4035 : 1280 7680 0 0 0 0 0 0 0 
sgemm.1.sm_70.ptx 4036 : 1280 7776 0 0 0 160 40 0 0 
sgemm.1.sm_70.ptx 4037 : 1280 254272 0 0 0 160 40 0 0 
sgemm.1.sm_70.ptx 4038 : 1280 11520 0 0 0 0 0 0 0 
sgemm.1.sm_70.ptx 4039 : 1280 7680 0 0 0 0 0 0 0 
sgemm.1.sm_70.ptx 4040 : 1280 7744 0 0 0 160 40 0 0 
sgemm.1.sm_70.ptx 4041 : 1280 254240 0 0 0 160 40 0 0 
sgemm.1.sm_70.ptx 4042 : 1280 11520 0 0 0 0 0 0 0 
sgemm.1.sm_70.ptx 4043 : 1280 7680 0 0 0 0 0 0 0 
sgemm.1.sm_70.ptx 4044 : 1280 7680 0 0 0 160 40 0 0 
sgemm.1.sm_70.ptx 4045 : 1280 254496 0 0 0 160 40 0 0 
sgemm.1.sm_70.ptx 4046 : 1280 11520 0 0 0 0 0 0 0 
sgemm.1.sm_70.ptx 4047 : 1280 7680 0 0 0 0 0 0 0 
sgemm.1.sm_70.ptx 4048 : 1280 7680 0 0 0 160 40 0 0 
sgemm.1.sm_70.ptx 4049 : 1280 254784 0 0 0 160 40 0 0 
sgemm.1.sm_70.ptx 4050 : 1280 11520 0 0 0 0 0 0 0 
sgemm.1.sm_70.ptx 4051 : 1280 7680 0 0 0 0 0 0 0 
sgemm.1.sm_70.ptx 4052 : 1280 7712 0 0 0 160 40 0 0 
sgemm.1.sm_70.ptx 4053 : 1280 254336 0 0 0 160 40 0 0 
sgemm.1.sm_70.ptx 4054 : 1280 11520 0 0 0 0 0 0 0 
sgemm.1.sm_70.ptx 4055 : 1280 7680 0 0 0 0 0 0 0 
sgemm.1.sm_70.ptx 4056 : 1280 7712 0 0 0 160 40 0 0 
sgemm.1.sm_70.ptx 4057 : 1280 255008 0 0 0 160 40 0 0 
sgemm.1.sm_70.ptx 4058 : 1280 11520 0 0 0 0 0 0 0 
sgemm.1.sm_70.ptx 4059 : 1280 7680 0 0 0 0 0 0 0 
sgemm.1.sm_70.ptx 4060 : 1280 9280 0 0 0 160 40 0 0 
sgemm.1.sm_70.ptx 4061 : 1280 270368 0 0 0 160 40 0 0 
sgemm.1.sm_70.ptx 4062 : 1280 11520 0 0 0 0 0 0 0 
sgemm.1.sm_70.ptx 4063 : 1280 7680 0 0 0 0 0 0 0 
sgemm.1.sm_70.ptx 4064 : 1280 9472 0 0 0 160 40 0 0 
sgemm.1.sm_70.ptx 4065 : 1280 319360 0 0 0 160 40 0 0 
sgemm.1.sm_70.ptx 4066 : 1280 11520 0 0 0 0 0 0 0 
sgemm.1.sm_70.ptx 4067 : 1280 7680 0 0 0 0 0 0 0 
sgemm.1.sm_70.ptx 4068 : 1280 36384 0 0 0 160 40 0 0 
sgemm.1.sm_70.ptx 4069 : 1280 283360 0 0 0 160 40 0 0 
sgemm.1.sm_70.ptx 4070 : 1280 11520 0 0 0 0 0 0 0 
sgemm.1.sm_70.ptx 4071 : 1280 7680 0 0 0 0 0 0 0 
sgemm.1.sm_70.ptx 4072 : 1280 7680 0 0 0 160 40 0 0 
sgemm.1.sm_70.ptx 4073 : 1280 255136 0 0 0 160 40 0 0 
sgemm.1.sm_70.ptx 4106 : 1280 11520 0 0 0 0 0 0 0 
sgemm.1.sm_70.ptx 4134 : 1280 11520 0 0 0 0 0 0 0 
sgemm.1.sm_70.ptx 4147 : 1280 25472 0 0 0 0 0 0 0 
