kernel line : count latency dram_traffic smem_bk_conflicts smem_warp gmem_access_generated gmem_warp exposed_latency warp_divergence
spmv.1.sm_70.ptx 2024 : 326 23165 0 0 0 0 0 0 0 
spmv.1.sm_70.ptx 2021 : 326 23112 0 0 0 0 0 0 0 
spmv.1.sm_70.ptx 2019 : 326 1632 0 0 0 0 0 0 0 
spmv.1.sm_70.ptx 2018 : 326 1633 0 0 0 0 0 0 0 
spmv.1.sm_70.ptx 2016 : 332 2986 0 0 0 0 0 0 0 
spmv.1.sm_70.ptx 2013 : 332 2861 0 0 0 332 332 0 0 
spmv.1.sm_70.ptx 2011 : 332 1660 0 0 0 0 0 0 0 
spmv.1.sm_70.ptx 2009 : 332 2770 0 0 0 332 332 0 0 
spmv.1.sm_70.ptx 2007 : 332 1660 0 0 0 0 0 0 0 
spmv.1.sm_70.ptx 2006 : 332 2988 0 0 0 0 0 0 0 
spmv.1.sm_70.ptx 2005 : 332 1994 0 0 0 0 0 0 0 
spmv.1.sm_70.ptx 2004 : 332 1660 0 0 0 0 0 0 0 
spmv.1.sm_70.ptx 2003 : 332 2988 0 0 0 0 0 0 0 
spmv.1.sm_70.ptx 2002 : 333 3320 0 0 0 0 0 0 0 
spmv.1.sm_70.ptx 2001 : 333 1666 0 0 0 0 0 0 0 
spmv.1.sm_70.ptx 2000 : 333 3330 0 0 0 0 0 0 0 
spmv.1.sm_70.ptx 1999 : 333 1667 0 0 0 0 0 0 0 
spmv.1.sm_70.ptx 1998 : 333 1671 0 0 0 0 0 0 0 
spmv.1.sm_70.ptx 1997 : 333 1666 0 0 0 0 0 0 0 
spmv.1.sm_70.ptx 1982 : 65569 5413922 0 0 0 0 0 0 0 
spmv.1.sm_70.ptx 1979 : 65569 5413218 0 0 0 0 0 0 0 
spmv.1.sm_70.ptx 1976 : 65729 829194 0 0 0 0 0 0 0 
spmv.1.sm_70.ptx 1973 : 65729 812746 0 0 0 8217 2055 0 0 
spmv.1.sm_70.ptx 1971 : 65729 328869 0 0 0 0 0 0 0 
spmv.1.sm_70.ptx 1970 : 65729 592585 0 0 0 0 0 0 0 
spmv.1.sm_70.ptx 1969 : 65729 591593 0 0 0 0 0 0 0 
spmv.1.sm_70.ptx 1968 : 65761 17260862 0 0 0 8221 2056 0 0 
spmv.1.sm_70.ptx 1967 : 65761 1150410 0 0 0 10182 2056 0 0 
spmv.1.sm_70.ptx 1966 : 65761 591945 0 0 0 0 0 0 0 
spmv.1.sm_70.ptx 1965 : 65761 614089 0 0 0 0 0 0 0 
spmv.1.sm_70.ptx 1964 : 66145 136062943 263200 0 0 8269 2068 0 0 
spmv.1.sm_70.ptx 1963 : 66145 400518 0 0 0 0 0 0 0 
spmv.1.sm_70.ptx 1960 : 66305 49875566 5056 0 0 10956 2073 0 0 
spmv.1.sm_70.ptx 1959 : 66305 125112941 264608 0 0 8289 2073 0 0 
spmv.1.sm_70.ptx 1956 : 514721 2248384 0 0 0 0 0 0 0 
spmv.1.sm_70.ptx 1955 : 514817 3125926 0 0 0 0 0 0 0 
spmv.1.sm_70.ptx 1954 : 514849 4635561 0 0 0 0 0 0 0 
spmv.1.sm_70.ptx 1953 : 514881 4634569 0 0 0 0 0 0 0 
spmv.1.sm_70.ptx 1952 : 514881 3108582 0 0 0 0 0 0 0 
spmv.1.sm_70.ptx 1951 : 521217 289749370 12288 0 0 148570 16289 0 0 
spmv.1.sm_70.ptx 1950 : 521249 625706430 2063936 0 0 65157 16290 0 0 
spmv.1.sm_70.ptx 1949 : 521281 4708905 0 0 0 0 0 0 0 
spmv.1.sm_70.ptx 1948 : 521345 4705481 0 0 0 0 0 0 0 
spmv.1.sm_70.ptx 1947 : 529441 642060383 2087392 0 0 66181 16546 0 0 
spmv.1.sm_70.ptx 1946 : 529473 4767049 0 0 0 0 0 0 0 
spmv.1.sm_70.ptx 1945 : 529473 4767977 0 0 0 0 0 0 0 
spmv.1.sm_70.ptx 1944 : 529601 4766921 0 0 0 0 0 0 0 
spmv.1.sm_70.ptx 1943 : 529601 4770089 0 0 0 0 0 0 0 
spmv.1.sm_70.ptx 1942 : 529665 4594435 0 0 0 0 0 0 0 
spmv.1.sm_70.ptx 1941 : 529697 3188422 0 0 0 0 0 0 0 
spmv.1.sm_70.ptx 1940 : 541473 254618615 13632 0 0 144362 16922 0 0 
spmv.1.sm_70.ptx 1939 : 541473 683308956 2122112 0 0 67685 16922 0 0 
spmv.1.sm_70.ptx 1938 : 541473 4891209 0 0 0 0 0 0 0 
spmv.1.sm_70.ptx 1937 : 541729 4916585 0 0 0 0 0 0 0 
spmv.1.sm_70.ptx 1936 : 554977 743975866 2171328 0 0 69373 17344 0 0 
spmv.1.sm_70.ptx 1935 : 555073 5010089 0 0 0 0 0 0 0 
spmv.1.sm_70.ptx 1789 : 146689 2035299 0 0 0 0 0 0 0 
spmv.1.sm_70.ptx 1988 : 65440 328000 0 0 0 0 0 0 0 
spmv.1.sm_70.ptx 1788 : 146689 392445996 0 0 0 28228 4585 0 0 
spmv.1.sm_70.ptx 1987 : 65440 590496 0 0 0 0 0 0 0 
spmv.1.sm_70.ptx 1787 : 146689 1324617 0 0 0 0 0 0 0 
spmv.1.sm_70.ptx 1986 : 65440 342368 0 0 0 0 0 0 0 
spmv.1.sm_70.ptx 1786 : 146689 1329385 0 0 0 0 0 0 0 
spmv.1.sm_70.ptx 1768 : 765 75578 0 0 0 0 0 0 0 
spmv.1.sm_70.ptx 1765 : 765 75497 0 0 0 0 0 0 0 
spmv.1.sm_70.ptx 1763 : 765 3881 0 0 0 0 0 0 0 
spmv.1.sm_70.ptx 1762 : 765 4315 0 0 0 0 0 0 0 
spmv.1.sm_70.ptx 1785 : 146689 5742374 0 0 0 0 0 0 0 
spmv.1.sm_70.ptx 1784 : 146689 806937663 586784 0 0 18337 4585 0 0 
spmv.1.sm_70.ptx 1783 : 146689 3776105 0 0 0 0 0 0 0 
spmv.1.sm_70.ptx 1782 : 146689 5634534 0 0 0 0 0 0 0 
spmv.1.sm_70.ptx 1781 : 146689 810277229 586784 0 0 18337 4585 0 0 
spmv.1.sm_70.ptx 1780 : 146689 5484361 0 0 0 0 0 0 0 
spmv.1.sm_70.ptx 1760 : 765 277073 0 0 0 0 0 0 0 
spmv.1.sm_70.ptx 1757 : 765 301575 0 0 0 765 765 0 0 
spmv.1.sm_70.ptx 1754 : 765 297917 0 0 0 765 765 0 0 
spmv.1.sm_70.ptx 1752 : 765 20730 0 0 0 0 0 0 0 
spmv.1.sm_70.ptx 1751 : 765 34526 0 0 0 0 0 0 0 
spmv.1.sm_70.ptx 1779 : 146689 4185033 0 0 0 0 0 0 0 
spmv.1.sm_70.ptx 1778 : 146689 2039430 0 0 0 0 0 0 0 
spmv.1.sm_70.ptx 1777 : 146689 2333417 0 0 0 0 0 0 0 
spmv.1.sm_70.ptx 1750 : 765 26061 0 0 0 0 0 0 0 
spmv.1.sm_70.ptx 1749 : 765 20964 0 0 0 0 0 0 0 
spmv.1.sm_70.ptx 1748 : 765 40602 0 0 0 0 0 0 0 
spmv.1.sm_70.ptx 1747 : 765 55099 0 0 0 0 0 0 0 
spmv.1.sm_70.ptx 1746 : 765 40700 0 0 0 0 0 0 0 
spmv.1.sm_70.ptx 1776 : 146689 58466242 0 0 0 0 0 0 0 
spmv.1.sm_70.ptx 1775 : 146689 12263177 0 0 0 0 0 0 0 
spmv.1.sm_70.ptx 1745 : 765 45914 0 0 0 0 0 0 0 
spmv.1.sm_70.ptx 1774 : 146689 5431237 0 0 0 0 0 0 0 
spmv.1.sm_70.ptx 1773 : 146689 6340329 0 0 0 0 0 0 0 
spmv.1.sm_70.ptx 1744 : 765 29535 0 0 0 0 0 0 0 
spmv.1.sm_70.ptx 1743 : 765 26542 0 0 0 0 0 0 0 
spmv.1.sm_70.ptx 1742 : 765 31764 0 0 0 0 0 0 0 
spmv.1.sm_70.ptx 1715 : 146689 1331785 0 0 0 0 0 0 0 
spmv.1.sm_70.ptx 1914 : 594881 649999068 2357984 0 0 74361 18591 0 0 
spmv.1.sm_70.ptx 1714 : 146689 40729159 0 0 0 18337 4585 0 0 
spmv.1.sm_70.ptx 1913 : 594881 5359689 0 0 0 0 0 0 0 
spmv.1.sm_70.ptx 1713 : 146689 1663017 0 0 0 0 0 0 0 
spmv.1.sm_70.ptx 1912 : 594945 5357609 0 0 0 0 0 0 0 
spmv.1.sm_70.ptx 1712 : 146689 1685929 0 0 0 0 0 0 0 
spmv.1.sm_70.ptx 1911 : 595009 5357289 0 0 0 0 0 0 0 
spmv.1.sm_70.ptx 1711 : 146689 1260518 0 0 0 0 0 0 0 
spmv.1.sm_70.ptx 1910 : 595073 5370921 0 0 0 0 0 0 0 
spmv.1.sm_70.ptx 1710 : 146689 1236294 0 0 0 0 0 0 0 
spmv.1.sm_70.ptx 1909 : 595105 5365667 0 0 0 0 0 0 0 
spmv.1.sm_70.ptx 1709 : 146689 1735786 0 0 0 0 0 0 0 
spmv.1.sm_70.ptx 1708 : 146689 1697902 0 0 0 0 0 0 0 
spmv.1.sm_70.ptx 1707 : 146689 1304586 0 0 0 0 0 0 0 
spmv.1.sm_70.ptx 1906 : 146689 883846 0 0 0 0 0 0 0 
spmv.1.sm_70.ptx 1706 : 146689 1283720 0 0 0 0 0 0 0 
spmv.1.sm_70.ptx 1905 : 146689 881958 0 0 0 0 0 0 0 
spmv.1.sm_70.ptx 1995 : 63936 318872 0 0 0 0 0 0 333 
spmv.1.sm_70.ptx 1796 : 146689 1321769 0 0 0 0 0 0 0 
spmv.1.sm_70.ptx 1704 : 146880 1560 0 0 0 0 0 0 1 
spmv.1.sm_70.ptx 1903 : 146689 1321865 0 0 0 0 0 0 0 
spmv.1.sm_70.ptx 1800 : 146689 1325993 0 0 0 0 0 0 0 
spmv.1.sm_70.ptx 1994 : 63936 383968 0 0 0 0 0 0 0 
spmv.1.sm_70.ptx 1795 : 146689 1322281 0 0 0 0 0 0 0 
spmv.1.sm_70.ptx 1703 : 146880 1267296 0 0 0 0 0 0 0 
spmv.1.sm_70.ptx 1902 : 146689 739493 0 0 0 0 0 0 0 
spmv.1.sm_70.ptx 1790 : 146689 883046 0 0 0 0 0 0 0 
spmv.1.sm_70.ptx 1989 : 65440 589728 0 0 0 0 0 0 0 
spmv.1.sm_70.ptx 1693 : 146880 2137920 0 0 0 0 0 0 0 
spmv.1.sm_70.ptx 1892 : 146177 879622 0 0 0 0 0 0 0 
spmv.1.sm_70.ptx 1740 : 146689 7412671 0 0 0 0 0 0 764 
spmv.1.sm_70.ptx 1791 : 146689 0 0 0 0 0 0 0 0 
spmv.1.sm_70.ptx 1990 : 65440 393440 0 0 0 0 0 0 0 
spmv.1.sm_70.ptx 1694 : 146880 2209920 0 0 0 0 0 0 0 
spmv.1.sm_70.ptx 1893 : 146177 880390 0 0 0 0 0 0 0 
spmv.1.sm_70.ptx 1695 : 146880 2345600 0 0 0 0 0 0 0 
spmv.1.sm_70.ptx 1894 : 146177 878374 0 0 0 0 0 0 0 
spmv.1.sm_70.ptx 1794 : 146689 1321865 0 0 0 0 0 0 0 
spmv.1.sm_70.ptx 1993 : 63936 718080 0 0 0 0 0 0 0 
spmv.1.sm_70.ptx 1697 : 146880 2345600 0 0 0 0 0 0 0 
spmv.1.sm_70.ptx 1698 : 146880 2337920 0 0 0 0 0 0 0 
spmv.1.sm_70.ptx 1699 : 146880 4242240 0 0 0 0 0 0 0 
spmv.1.sm_70.ptx 1898 : 146689 881158 0 0 0 0 0 0 0 
spmv.1.sm_70.ptx 1797 : 146689 1322153 0 0 0 0 0 0 0 
spmv.1.sm_70.ptx 1991 : 65440 329536 0 0 0 0 0 0 0 
spmv.1.sm_70.ptx 1700 : 146880 1168640 0 0 0 0 0 0 0 
spmv.1.sm_70.ptx 1899 : 146689 0 0 0 0 0 0 0 0 
spmv.1.sm_70.ptx 1992 : 63936 322880 0 0 0 0 0 0 0 
spmv.1.sm_70.ptx 1793 : 146689 893666 0 0 0 0 0 0 0 
spmv.1.sm_70.ptx 1798 : 146689 493304597 586784 0 0 18337 4585 0 0 
spmv.1.sm_70.ptx 1701 : 146880 1169440 0 0 0 0 0 0 0 
spmv.1.sm_70.ptx 1799 : 146689 1321097 0 0 0 0 0 0 0 
spmv.1.sm_70.ptx 1702 : 146880 1947680 0 0 0 0 0 0 0 
spmv.1.sm_70.ptx 1901 : 146689 1320777 0 0 0 0 0 0 0 
spmv.1.sm_70.ptx 1716 : 146689 759621 0 0 0 0 0 0 0 
spmv.1.sm_70.ptx 1915 : 589025 5330057 0 0 0 0 0 0 0 
spmv.1.sm_70.ptx 1717 : 146689 892294 0 0 0 0 0 0 0 
spmv.1.sm_70.ptx 1916 : 588929 5327593 0 0 0 0 0 0 0 
spmv.1.sm_70.ptx 1718 : 146689 1327465 0 0 0 0 0 0 0 
spmv.1.sm_70.ptx 1917 : 588929 694075701 2329088 0 0 73617 18405 0 0 
spmv.1.sm_70.ptx 1719 : 146689 888230 0 0 0 0 0 0 0 
spmv.1.sm_70.ptx 1918 : 588929 237937103 1088 0 0 157071 18405 0 0 
spmv.1.sm_70.ptx 1720 : 146689 1323401 0 0 0 0 0 0 0 
spmv.1.sm_70.ptx 1919 : 581121 3519910 0 0 0 0 0 0 0 
spmv.1.sm_70.ptx 1696 : 146880 2345600 0 0 0 0 0 0 0 
spmv.1.sm_70.ptx 1895 : 146177 878054 0 0 0 0 0 0 0 
spmv.1.sm_70.ptx 1721 : 146689 121733758 586784 0 0 22944 4585 0 0 
spmv.1.sm_70.ptx 1920 : 581121 5021833 0 0 0 0 0 0 0 
spmv.1.sm_70.ptx 1723 : 146689 13481143 0 0 0 22944 4585 0 0 
spmv.1.sm_70.ptx 1922 : 581025 5232585 0 0 0 0 0 0 0 
spmv.1.sm_70.ptx 1726 : 146689 10952311 0 0 0 0 0 0 0 
spmv.1.sm_70.ptx 1925 : 580865 746596264 2283200 0 0 72609 18153 0 0 
spmv.1.sm_70.ptx 1728 : 146689 50573031 0 0 0 0 0 0 0 
spmv.1.sm_70.ptx 1927 : 569761 5147977 0 0 0 0 0 0 0 
spmv.1.sm_70.ptx 1729 : 146689 20619879 0 0 0 0 0 0 0 
spmv.1.sm_70.ptx 1928 : 569761 778926831 2229088 0 0 71221 17806 0 0 
spmv.1.sm_70.ptx 1731 : 146689 232027918 0 0 0 0 0 0 0 
spmv.1.sm_70.ptx 1930 : 555553 3363334 0 0 0 0 0 0 0 
spmv.1.sm_70.ptx 1734 : 146689 229225806 0 0 0 0 0 0 0 
spmv.1.sm_70.ptx 1933 : 555201 5001993 0 0 0 0 0 0 0 
spmv.1.sm_70.ptx 1736 : 146689 8117573 0 0 0 0 0 0 0 
spmv.1.sm_70.ptx 2028 : 61472 308032 0 0 0 0 0 0 0 
spmv.1.sm_70.ptx 1737 : 146689 6076261 0 0 0 0 0 0 0 
spmv.1.sm_70.ptx 1738 : 146689 12165578 0 0 0 0 0 0 0 
spmv.1.sm_70.ptx 1739 : 146689 9271302 0 0 0 0 0 0 0 
spmv.1.sm_70.ptx 1772 : 146689 5528038 0 0 0 0 0 0 0 
spmv.1.sm_70.ptx 1801 : 146689 881222 0 0 0 0 0 0 0 
spmv.1.sm_70.ptx 1802 : 146689 881126 0 0 0 0 0 0 0 
spmv.1.sm_70.ptx 1803 : 146689 0 0 0 0 0 0 0 0 
spmv.1.sm_70.ptx 1805 : 146689 1320681 0 0 0 0 0 0 0 
spmv.1.sm_70.ptx 1806 : 146689 880390 0 0 0 0 0 0 0 
spmv.1.sm_70.ptx 1807 : 146689 880646 0 0 0 0 0 0 0 
spmv.1.sm_70.ptx 1808 : 146689 740901 0 0 0 0 0 0 0 
spmv.1.sm_70.ptx 1809 : 146689 736165 0 0 0 0 0 0 0 
spmv.1.sm_70.ptx 1810 : 146689 2560 0 0 0 0 0 0 0 
spmv.1.sm_70.ptx 1812 : 146177 877510 0 0 0 0 0 0 0 
spmv.1.sm_70.ptx 1813 : 146177 736517 0 0 0 0 0 0 0 
spmv.1.sm_70.ptx 1814 : 146177 0 0 0 0 0 0 0 0 
spmv.1.sm_70.ptx 1815 : 146177 732997 0 0 0 0 0 0 0 
spmv.1.sm_70.ptx 1837 : 146177 877382 0 0 0 0 0 0 0 
spmv.1.sm_70.ptx 1838 : 146177 736581 0 0 0 0 0 0 0 
spmv.1.sm_70.ptx 1839 : 146177 649632 0 0 0 0 0 0 0 
spmv.1.sm_70.ptx 1840 : 16641 83781 0 0 0 0 0 0 0 
spmv.1.sm_70.ptx 1847 : 16641 37267365 0 0 0 7739 521 0 0 
spmv.1.sm_70.ptx 1848 : 16641 336781 0 0 0 0 0 0 0 
spmv.1.sm_70.ptx 1849 : 16641 150281 0 0 0 0 0 0 0 
spmv.1.sm_70.ptx 1850 : 16641 149769 0 0 0 0 0 0 0 
spmv.1.sm_70.ptx 1851 : 16641 149865 0 0 0 0 0 0 0 
spmv.1.sm_70.ptx 1852 : 16641 149993 0 0 0 0 0 0 0 
spmv.1.sm_70.ptx 1853 : 16641 45265599 66592 0 0 2081 521 0 0 
spmv.1.sm_70.ptx 1843 : 129536 777632 0 0 0 0 0 0 0 
spmv.1.sm_70.ptx 1844 : 129536 653664 0 0 0 0 0 0 0 
spmv.1.sm_70.ptx 1861 : 146177 1316201 0 0 0 0 0 0 0 
spmv.1.sm_70.ptx 1862 : 146177 737765 0 0 0 0 0 0 0 
spmv.1.sm_70.ptx 1863 : 146177 1317033 0 0 0 0 0 0 0 
spmv.1.sm_70.ptx 1864 : 146177 1316905 0 0 0 0 0 0 0 
spmv.1.sm_70.ptx 1865 : 146177 725041 0 0 0 0 0 0 0 
spmv.1.sm_70.ptx 1866 : 146177 1315913 0 0 0 0 0 0 0 
spmv.1.sm_70.ptx 1867 : 146177 1316009 0 0 0 0 0 0 0 
spmv.1.sm_70.ptx 1868 : 146177 1315817 0 0 0 0 0 0 0 
spmv.1.sm_70.ptx 1869 : 146177 1317417 0 0 0 0 0 0 0 
spmv.1.sm_70.ptx 1870 : 146177 286578398 584736 0 0 18273 4569 0 0 
spmv.1.sm_70.ptx 1871 : 146177 1315913 0 0 0 0 0 0 0 
spmv.1.sm_70.ptx 1872 : 146177 1316521 0 0 0 0 0 0 0 
spmv.1.sm_70.ptx 1873 : 146177 196374778 584736 0 0 18273 4569 0 0 
spmv.1.sm_70.ptx 1874 : 146177 117409342 0 0 0 29304 4569 0 0 
spmv.1.sm_70.ptx 1854 : 16641 149801 0 0 0 0 0 0 0 
spmv.1.sm_70.ptx 1855 : 16641 150473 0 0 0 0 0 0 0 
spmv.1.sm_70.ptx 1856 : 16641 31481136 66592 0 0 2081 521 0 0 
spmv.1.sm_70.ptx 1831 : 512 3072 0 0 0 0 0 0 0 
spmv.1.sm_70.ptx 1832 : 512 3072 0 0 0 0 0 0 0 
spmv.1.sm_70.ptx 1833 : 512 3072 0 0 0 0 0 0 0 
spmv.1.sm_70.ptx 1834 : 512 2560 0 0 0 0 0 0 0 
spmv.1.sm_70.ptx 1904 : 146689 882758 0 0 0 0 0 0 0 
spmv.1.sm_70.ptx 1875 : 146177 883366 0 0 0 0 0 0 0 
spmv.1.sm_70.ptx 1878 : 146177 1316137 0 0 0 0 0 0 0 
spmv.1.sm_70.ptx 1879 : 146177 738053 0 0 0 0 0 0 0 
spmv.1.sm_70.ptx 1880 : 146177 1317673 0 0 0 0 0 0 0 
spmv.1.sm_70.ptx 1881 : 146177 1317257 0 0 0 0 0 0 0 
spmv.1.sm_70.ptx 1882 : 146177 954691 0 0 0 0 0 0 0 
spmv.1.sm_70.ptx 1883 : 146177 1316457 0 0 0 0 0 0 0 
spmv.1.sm_70.ptx 1884 : 146177 1316169 0 0 0 0 0 0 0 
spmv.1.sm_70.ptx 1885 : 146177 1323114 0 0 0 0 0 0 0 
spmv.1.sm_70.ptx 1886 : 146177 1319113 0 0 0 0 0 0 0 
spmv.1.sm_70.ptx 1887 : 146177 137211557 584736 0 0 18273 4569 0 0 
spmv.1.sm_70.ptx 1857 : 16641 99878 0 0 0 0 0 0 0 
spmv.1.sm_70.ptx 1858 : 16641 83878 0 0 0 0 0 0 0 
spmv.1.sm_70.ptx 1888 : 146177 1316585 0 0 0 0 0 0 0 
spmv.1.sm_70.ptx 1889 : 146177 1317865 0 0 0 0 0 0 0 
spmv.1.sm_70.ptx 1890 : 146177 122698572 584736 0 0 18273 4569 0 0 
spmv.1.sm_70.ptx 1891 : 146177 35984279 9184 0 0 27718 4569 0 0 
spmv.1.sm_70.ptx 1921 : 581025 5231721 0 0 0 0 0 0 0 
spmv.1.sm_70.ptx 1923 : 580929 5254569 0 0 0 0 0 0 0 
spmv.1.sm_70.ptx 1924 : 580929 5235209 0 0 0 0 0 0 0 
spmv.1.sm_70.ptx 1926 : 569953 5165001 0 0 0 0 0 0 0 
spmv.1.sm_70.ptx 1929 : 569729 486421242 505920 0 0 154031 17805 0 0 
spmv.1.sm_70.ptx 1931 : 555489 5017737 0 0 0 0 0 0 0 
spmv.1.sm_70.ptx 1932 : 555361 5001545 0 0 0 0 0 0 0 
spmv.1.sm_70.ptx 1934 : 555073 5001513 0 0 0 0 0 0 0 
