kernel line : count latency dram_traffic smem_bk_conflicts smem_warp gmem_access_generated gmem_warp exposed_latency warp_divergence
main.1.sm_70.ptx 1776 : 12 792 0 0 0 0 0 0 0 
main.1.sm_70.ptx 1773 : 12 36 0 0 0 0 0 0 0 
main.1.sm_70.ptx 1770 : 12 36 0 0 0 12 12 0 0 
main.1.sm_70.ptx 1767 : 12 36 0 0 0 12 12 0 0 
main.1.sm_70.ptx 1765 : 12 108 0 0 0 0 0 0 0 
main.1.sm_70.ptx 1764 : 12 72 0 0 0 0 0 0 0 
main.1.sm_70.ptx 1763 : 12 60 0 0 0 0 0 0 0 
main.1.sm_70.ptx 1762 : 12 108 0 0 0 0 0 0 0 
main.1.sm_70.ptx 1761 : 12 120 0 0 0 0 0 0 0 
main.1.sm_70.ptx 1760 : 12 60 0 0 0 0 0 0 0 
main.1.sm_70.ptx 1759 : 12 120 0 0 0 0 0 0 0 
main.1.sm_70.ptx 1758 : 12 60 0 0 0 0 0 0 0 
main.1.sm_70.ptx 1757 : 12 60 0 0 0 0 0 0 0 
main.1.sm_70.ptx 1756 : 12 60 0 0 0 0 0 0 0 
main.1.sm_70.ptx 1755 : 12 60 0 0 0 0 0 0 0 
main.1.sm_70.ptx 1754 : 12 60 0 0 0 0 0 0 0 
main.1.sm_70.ptx 1751 : 12 60 0 0 0 0 0 0 0 
main.1.sm_70.ptx 1750 : 3072 15300 0 0 0 0 0 0 12 
main.1.sm_70.ptx 1749 : 3072 53856 0 0 0 0 0 0 0 
main.1.sm_70.ptx 1747 : 3072 813152 0 0 0 0 0 0 0 
main.1.sm_70.ptx 1744 : 3072 797632 0 0 0 0 0 0 0 
main.1.sm_70.ptx 1742 : 3072 89856 0 0 0 0 0 0 0 
main.1.sm_70.ptx 1740 : 3072 1174656 0 0 0 0 0 0 0 
main.1.sm_70.ptx 1737 : 3072 1206752 0 0 0 3072 96 0 0 
main.1.sm_70.ptx 1735 : 3072 343648 0 0 0 0 0 0 0 
main.1.sm_70.ptx 1734 : 3072 1322880 0 0 0 3072 96 0 0 
main.1.sm_70.ptx 1732 : 3072 1259264 0 0 0 3072 96 0 0 
main.1.sm_70.ptx 1730 : 3072 338208 0 0 0 0 0 0 0 
main.1.sm_70.ptx 1729 : 3072 1314080 0 0 0 3072 96 0 0 
main.1.sm_70.ptx 1727 : 3072 1266656 0 0 0 3072 96 0 0 
main.1.sm_70.ptx 1725 : 3072 368480 0 0 0 0 0 0 0 
main.1.sm_70.ptx 1724 : 3072 1316800 0 0 0 3072 96 0 0 
main.1.sm_70.ptx 1722 : 3072 1267648 0 0 0 3072 96 0 0 
main.1.sm_70.ptx 1720 : 3072 331200 0 0 0 0 0 0 0 
main.1.sm_70.ptx 1719 : 3072 1292416 0 0 0 3072 96 0 0 
main.1.sm_70.ptx 1717 : 3072 1250464 0 0 0 3072 96 0 0 
main.1.sm_70.ptx 1715 : 3072 332992 0 0 0 0 0 0 0 
main.1.sm_70.ptx 1714 : 3072 1240928 0 0 0 3072 96 0 0 
main.1.sm_70.ptx 1712 : 3072 1178464 0 0 0 3072 96 0 0 
main.1.sm_70.ptx 1710 : 3072 294240 0 0 0 0 0 0 0 
main.1.sm_70.ptx 1709 : 3072 1182368 0 0 0 3072 96 0 0 
main.1.sm_70.ptx 1707 : 3072 1132896 0 0 0 3072 96 0 0 
main.1.sm_70.ptx 1705 : 3072 310656 0 0 0 0 0 0 0 
main.1.sm_70.ptx 1704 : 3072 1104064 0 0 0 3072 96 0 0 
main.1.sm_70.ptx 1702 : 3072 1032704 0 0 0 3072 96 0 0 
main.1.sm_70.ptx 1700 : 3072 260128 0 0 0 0 0 0 0 
main.1.sm_70.ptx 1699 : 3072 980960 0 0 0 3072 96 0 0 
main.1.sm_70.ptx 1697 : 3072 896320 0 0 0 3072 96 0 0 
main.1.sm_70.ptx 1695 : 3072 140576 0 0 0 0 0 0 0 
main.1.sm_70.ptx 1694 : 3072 103008 0 0 0 0 0 0 0 
main.1.sm_70.ptx 1693 : 3072 789632 0 0 0 3072 96 0 0 
main.1.sm_70.ptx 1692 : 3072 79712 0 0 0 0 0 0 0 
main.1.sm_70.ptx 1691 : 3072 33024 0 0 0 0 0 0 0 
main.1.sm_70.ptx 1690 : 3072 49792 0 0 0 0 0 0 0 
main.1.sm_70.ptx 1689 : 3072 56544 0 0 0 0 0 0 0 
main.1.sm_70.ptx 1688 : 3072 28640 0 0 0 0 0 0 0 
main.1.sm_70.ptx 1687 : 3072 82144 0 0 0 0 0 0 0 
main.1.sm_70.ptx 1686 : 3072 66400 0 0 0 0 0 0 0 
main.1.sm_70.ptx 1685 : 3072 23488 0 0 0 0 0 0 0 
main.1.sm_70.ptx 1684 : 3072 39680 0 0 0 0 0 0 0 
main.1.sm_70.ptx 1683 : 3072 61024 0 0 0 0 0 0 0 
main.1.sm_70.ptx 1682 : 3072 506528 0 0 0 0 0 0 0 
main.1.sm_70.ptx 1681 : 3072 46176 0 0 0 0 0 0 0 
main.1.sm_70.ptx 1680 : 3072 28544 0 0 0 0 0 0 0 
main.1.sm_70.ptx 1679 : 3072 44032 0 0 0 0 0 0 0 
main.1.sm_70.ptx 1678 : 3072 723552 0 0 0 0 0 0 0 
main.1.sm_70.ptx 1677 : 3072 175744 0 0 0 0 0 0 0 
main.1.sm_70.ptx 1676 : 3072 53056 0 0 0 0 0 0 0 
main.1.sm_70.ptx 1675 : 3072 45696 0 0 0 0 0 0 0 
main.1.sm_70.ptx 1673 : 3072 0 0 0 0 0 0 0 0 
main.1.sm_70.ptx 1672 : 3072 87744 0 0 0 0 0 0 0 
main.1.sm_70.ptx 1671 : 3072 1392768 0 0 0 3072 96 0 0 
main.1.sm_70.ptx 1670 : 3072 50432 0 0 0 0 0 0 0 
main.1.sm_70.ptx 1669 : 3072 255008 0 0 0 0 0 0 0 
main.1.sm_70.ptx 1667 : 3072 0 0 0 0 0 0 0 0 
main.1.sm_70.ptx 1666 : 3072 29600 0 0 0 0 0 0 0 
main.1.sm_70.ptx 1665 : 3072 270816 0 0 0 0 0 0 0 
main.1.sm_70.ptx 1663 : 49152 242304 0 0 0 0 0 0 0 
main.1.sm_70.ptx 1662 : 49152 309920 0 0 0 0 0 0 0 
main.1.sm_70.ptx 1661 : 49152 465984 0 0 0 0 0 0 0 
main.1.sm_70.ptx 1658 : 3072 28980 0 0 0 0 0 0 0 
main.1.sm_70.ptx 1657 : 3072 29394 0 0 0 0 0 0 0 
main.1.sm_70.ptx 1656 : 3072 28732 0 0 0 0 0 0 0 
main.1.sm_70.ptx 1655 : 3072 28742 0 0 0 0 0 0 0 
main.1.sm_70.ptx 1654 : 3072 29574 0 0 0 0 0 0 0 
main.1.sm_70.ptx 1653 : 3072 28400 0 0 0 0 0 0 0 
main.1.sm_70.ptx 1652 : 3072 28940 0 0 0 0 0 0 0 
main.1.sm_70.ptx 1651 : 3072 27928 0 0 0 0 0 0 0 
main.1.sm_70.ptx 1649 : 49152 250410 0 0 0 0 0 0 1536 
main.1.sm_70.ptx 1648 : 49152 303264 0 0 0 0 0 0 0 
main.1.sm_70.ptx 1647 : 49152 306816 0 0 0 0 0 0 0 
main.1.sm_70.ptx 1646 : 49152 1338880 0 0 0 0 0 0 0 
main.1.sm_70.ptx 1645 : 49152 269344 0 0 0 0 0 0 0 
main.1.sm_70.ptx 1644 : 49152 314304 0 0 0 0 0 0 0 
main.1.sm_70.ptx 1643 : 49152 1294208 0 0 0 0 0 0 0 
main.1.sm_70.ptx 1642 : 49152 269056 0 0 0 0 0 0 0 
main.1.sm_70.ptx 1641 : 49152 305536 0 0 0 0 0 0 0 
main.1.sm_70.ptx 1640 : 49152 1336640 0 0 0 0 0 0 0 
main.1.sm_70.ptx 1639 : 49152 259392 0 0 0 0 0 0 0 
main.1.sm_70.ptx 1638 : 49152 300512 0 0 0 0 0 0 0 
main.1.sm_70.ptx 1637 : 49152 1290752 0 0 0 0 0 0 0 
main.1.sm_70.ptx 1636 : 49152 257792 0 0 0 0 0 0 0 
main.1.sm_70.ptx 1635 : 49152 303712 0 0 0 0 0 0 0 
main.1.sm_70.ptx 1634 : 49152 1327968 0 0 0 0 0 0 0 
main.1.sm_70.ptx 1633 : 49152 257216 0 0 0 0 0 0 0 
main.1.sm_70.ptx 1632 : 49152 298848 0 0 0 0 0 0 0 
main.1.sm_70.ptx 1631 : 49152 1284864 0 0 0 0 0 0 0 
main.1.sm_70.ptx 1630 : 49152 255584 0 0 0 0 0 0 0 
main.1.sm_70.ptx 1629 : 49152 300608 0 0 0 0 0 0 0 
main.1.sm_70.ptx 1628 : 49152 1329056 0 0 0 0 0 0 0 
main.1.sm_70.ptx 1627 : 49152 255968 0 0 0 0 0 0 0 
main.1.sm_70.ptx 1626 : 49152 296256 0 0 0 0 0 0 0 
main.1.sm_70.ptx 1625 : 49152 1281184 0 0 0 0 0 0 0 
main.1.sm_70.ptx 1624 : 49152 255360 0 0 0 0 0 0 0 
main.1.sm_70.ptx 1623 : 49152 443456 0 0 0 0 0 0 0 
main.1.sm_70.ptx 1622 : 49152 295936 0 0 0 0 0 0 0 
main.1.sm_70.ptx 1621 : 49152 1282624 0 0 0 0 0 0 0 
main.1.sm_70.ptx 1620 : 49152 253600 0 0 0 0 0 0 0 
main.1.sm_70.ptx 1619 : 49152 442912 0 0 0 0 0 0 0 
main.1.sm_70.ptx 1618 : 49152 296224 0 0 0 0 0 0 0 
main.1.sm_70.ptx 1617 : 49152 1283168 0 0 0 0 0 0 0 
main.1.sm_70.ptx 1616 : 49152 258336 0 0 0 0 0 0 0 
main.1.sm_70.ptx 1615 : 49152 443296 0 0 0 0 0 0 0 
main.1.sm_70.ptx 1614 : 49152 297760 0 0 0 0 0 0 0 
main.1.sm_70.ptx 1613 : 49152 1288320 0 0 0 0 0 0 0 
main.1.sm_70.ptx 1612 : 49152 254912 0 0 0 0 0 0 0 
main.1.sm_70.ptx 1611 : 49152 442976 0 0 0 0 0 0 0 
main.1.sm_70.ptx 1610 : 49152 295584 0 0 0 0 0 0 0 
main.1.sm_70.ptx 1609 : 49152 1286720 0 0 0 0 0 0 0 
main.1.sm_70.ptx 1608 : 49152 253728 0 0 0 0 0 0 0 
main.1.sm_70.ptx 1607 : 49152 445984 0 0 0 0 0 0 0 
main.1.sm_70.ptx 1606 : 49152 296000 0 0 0 0 0 0 0 
main.1.sm_70.ptx 1605 : 49152 1287360 0 0 0 0 0 0 0 
main.1.sm_70.ptx 1604 : 49152 255744 0 0 0 0 0 0 0 
main.1.sm_70.ptx 1603 : 49152 443616 0 0 0 0 0 0 0 
main.1.sm_70.ptx 1602 : 49152 295904 0 0 0 0 0 0 0 
main.1.sm_70.ptx 1601 : 49152 1290688 0 0 0 0 0 0 0 
main.1.sm_70.ptx 1600 : 49152 260512 0 0 0 0 0 0 0 
main.1.sm_70.ptx 1599 : 49152 443584 0 0 0 0 0 0 0 
main.1.sm_70.ptx 1598 : 49152 295808 0 0 0 0 0 0 0 
main.1.sm_70.ptx 1597 : 49152 1291840 0 0 0 0 0 0 0 
main.1.sm_70.ptx 1596 : 49152 256032 0 0 0 0 0 0 0 
main.1.sm_70.ptx 1595 : 49152 457856 0 0 0 0 0 0 0 
main.1.sm_70.ptx 1594 : 49152 298304 0 0 0 0 0 0 0 
main.1.sm_70.ptx 1593 : 49152 1289856 0 0 0 0 0 0 0 
main.1.sm_70.ptx 1592 : 49152 255616 0 0 0 0 0 0 0 
main.1.sm_70.ptx 1591 : 49152 453088 0 0 0 0 0 0 0 
main.1.sm_70.ptx 1590 : 49152 305888 0 0 0 0 0 0 0 
main.1.sm_70.ptx 1589 : 49152 456256 0 0 0 0 0 0 0 
main.1.sm_70.ptx 1588 : 49152 299232 0 0 0 0 0 0 0 
main.1.sm_70.ptx 1587 : 49152 443648 0 0 0 0 0 0 0 
main.1.sm_70.ptx 1586 : 49152 301280 0 0 0 0 0 0 0 
main.1.sm_70.ptx 1585 : 49152 446720 0 0 0 0 0 0 0 
main.1.sm_70.ptx 1584 : 49152 299392 0 0 0 0 0 0 0 
main.1.sm_70.ptx 1583 : 49152 445984 0 0 0 0 0 0 0 
main.1.sm_70.ptx 1582 : 49152 299008 0 0 0 0 0 0 0 
main.1.sm_70.ptx 1581 : 49152 446656 0 0 0 0 0 0 0 
main.1.sm_70.ptx 1580 : 49152 295968 0 0 0 0 0 0 0 
main.1.sm_70.ptx 1579 : 49152 448832 0 0 0 0 0 0 0 
main.1.sm_70.ptx 1578 : 49152 308032 0 0 0 0 0 0 0 
main.1.sm_70.ptx 1577 : 49152 443712 0 0 0 0 0 0 0 
main.1.sm_70.ptx 1576 : 49152 307264 0 0 0 0 0 0 0 
main.1.sm_70.ptx 1575 : 49152 446848 0 0 0 0 0 0 0 
main.1.sm_70.ptx 1574 : 49152 303008 0 0 0 0 0 0 0 
main.1.sm_70.ptx 1573 : 49152 442688 0 0 0 0 0 0 0 
main.1.sm_70.ptx 1572 : 49152 305024 0 0 0 0 0 0 0 
main.1.sm_70.ptx 1571 : 49152 442560 0 0 0 0 0 0 0 
main.1.sm_70.ptx 1570 : 49152 300864 0 0 0 0 0 0 0 
main.1.sm_70.ptx 1569 : 49152 446784 0 0 0 0 0 0 0 
main.1.sm_70.ptx 1568 : 49152 295424 0 0 0 0 0 0 0 
main.1.sm_70.ptx 1567 : 49152 442784 0 0 0 0 0 0 0 
main.1.sm_70.ptx 1566 : 49152 295264 0 0 0 0 0 0 0 
main.1.sm_70.ptx 1565 : 49152 442720 0 0 0 0 0 0 0 
main.1.sm_70.ptx 1564 : 49152 295520 0 0 0 0 0 0 0 
main.1.sm_70.ptx 1563 : 49152 442624 0 0 0 0 0 0 0 
main.1.sm_70.ptx 1562 : 49152 296000 0 0 0 0 0 0 0 
main.1.sm_70.ptx 1561 : 49152 442528 0 0 0 0 0 0 0 
main.1.sm_70.ptx 1560 : 49152 295264 0 0 0 0 0 0 0 
main.1.sm_70.ptx 1559 : 49152 442624 0 0 0 0 0 0 0 
main.1.sm_70.ptx 1558 : 49152 295584 0 0 0 0 0 0 0 
main.1.sm_70.ptx 1557 : 49152 445184 0 0 0 0 0 0 0 
main.1.sm_70.ptx 1556 : 49152 295296 0 0 0 0 0 0 0 
main.1.sm_70.ptx 1555 : 49152 444448 0 0 0 0 0 0 0 
main.1.sm_70.ptx 1554 : 49152 295648 0 0 0 0 0 0 0 
main.1.sm_70.ptx 1553 : 49152 442592 0 0 0 0 0 0 0 
main.1.sm_70.ptx 1552 : 49152 295840 0 0 0 0 0 0 0 
main.1.sm_70.ptx 1551 : 49152 442656 0 0 0 0 0 0 0 
main.1.sm_70.ptx 1550 : 49152 295360 0 0 0 0 0 0 0 
main.1.sm_70.ptx 1549 : 49152 442880 0 0 0 0 0 0 0 
main.1.sm_70.ptx 1548 : 49152 295904 0 0 0 0 0 0 0 
main.1.sm_70.ptx 1547 : 49152 442656 0 0 0 0 0 0 0 
main.1.sm_70.ptx 1546 : 49152 295328 0 0 0 0 0 0 0 
main.1.sm_70.ptx 1545 : 49152 442912 0 0 0 0 0 0 0 
main.1.sm_70.ptx 1544 : 49152 295328 0 0 0 0 0 0 0 
main.1.sm_70.ptx 1543 : 49152 442816 0 0 0 0 0 0 0 
main.1.sm_70.ptx 1542 : 49152 295744 0 0 0 0 0 0 0 
main.1.sm_70.ptx 1541 : 49152 442944 0 0 0 0 0 0 0 
main.1.sm_70.ptx 1540 : 49152 295456 0 0 0 0 0 0 0 
main.1.sm_70.ptx 1539 : 49152 442944 0 0 0 0 0 0 0 
main.1.sm_70.ptx 1538 : 49152 295648 0 0 0 0 0 0 0 
main.1.sm_70.ptx 1537 : 49152 442880 0 0 0 0 0 0 0 
main.1.sm_70.ptx 1536 : 49152 295872 0 0 0 0 0 0 0 
main.1.sm_70.ptx 1535 : 49152 443264 0 0 0 0 0 0 0 
main.1.sm_70.ptx 1534 : 49152 295296 0 0 0 0 0 0 0 
main.1.sm_70.ptx 1533 : 49152 443104 0 0 0 0 0 0 0 
main.1.sm_70.ptx 1532 : 49152 295328 0 0 0 0 0 0 0 
main.1.sm_70.ptx 1531 : 49152 442880 0 0 0 0 0 0 0 
main.1.sm_70.ptx 1530 : 49152 296320 0 0 0 0 0 0 0 
main.1.sm_70.ptx 1529 : 49152 443008 0 0 0 0 0 0 0 
main.1.sm_70.ptx 1528 : 49152 295744 0 0 0 0 0 0 0 
main.1.sm_70.ptx 1527 : 49152 251616 0 0 0 0 0 0 0 
main.1.sm_70.ptx 1526 : 49152 252960 0 0 0 0 0 0 0 
main.1.sm_70.ptx 1106 : 49152 248896 0 0 0 0 0 0 0 
main.1.sm_70.ptx 1105 : 3145728 15790816 0 0 0 0 0 0 0 
main.1.sm_70.ptx 1104 : 3145728 18928480 0 0 0 0 0 0 0 
main.1.sm_70.ptx 1103 : 3145728 28361088 0 0 0 0 0 0 0 
main.1.sm_70.ptx 1102 : 3145728 18929920 0 0 0 0 0 0 0 
main.1.sm_70.ptx 1098 : 3145728 28355456 0 0 0 0 0 0 0 
main.1.sm_70.ptx 1097 : 3145728 18918688 0 0 0 0 0 0 0 
main.1.sm_70.ptx 1096 : 3145728 25913472 0 0 0 0 0 0 0 
main.1.sm_70.ptx 1095 : 3145728 18932704 0 0 0 0 0 0 0 
main.1.sm_70.ptx 1094 : 3145728 19120352 0 0 0 0 0 0 0 
main.1.sm_70.ptx 1089 : 3145728 28355648 0 0 0 0 0 0 0 
main.1.sm_70.ptx 1088 : 3145728 18942304 0 0 0 0 0 0 0 
main.1.sm_70.ptx 1087 : 3145728 18928448 0 0 0 0 0 0 0 
main.1.sm_70.ptx 1083 : 3145728 28378656 0 0 0 0 0 0 0 
main.1.sm_70.ptx 1082 : 3145728 18921408 0 0 0 0 0 0 0 
main.1.sm_70.ptx 1081 : 3145728 25901568 0 0 0 0 0 0 0 
main.1.sm_70.ptx 1080 : 3145728 18937184 0 0 0 0 0 0 0 
main.1.sm_70.ptx 1079 : 3145728 19177440 0 0 0 0 0 0 0 
main.1.sm_70.ptx 1074 : 3145728 31519232 0 0 0 0 0 0 0 
main.1.sm_70.ptx 1073 : 3145728 18941536 0 0 0 0 0 0 0 
main.1.sm_70.ptx 1069 : 3145728 28367808 0 0 0 0 0 0 0 
main.1.sm_70.ptx 1068 : 3145728 18947456 0 0 0 0 0 0 0 
main.1.sm_70.ptx 1067 : 3145728 26007072 0 0 0 0 0 0 0 
main.1.sm_70.ptx 1066 : 3145728 18950208 0 0 0 0 0 0 0 
main.1.sm_70.ptx 1065 : 3145728 18965600 0 0 0 0 0 0 0 
main.1.sm_70.ptx 1060 : 3145728 16511584 0 0 0 0 0 0 0 
main.1.sm_70.ptx 1056 : 3145728 28366464 0 0 0 0 0 0 0 
main.1.sm_70.ptx 1055 : 3145728 18927360 0 0 0 0 0 0 0 
main.1.sm_70.ptx 1054 : 3145728 25923008 0 0 0 0 0 0 0 
main.1.sm_70.ptx 1053 : 3145728 18943552 0 0 0 0 0 0 0 
main.1.sm_70.ptx 1052 : 3145728 19125760 0 0 0 0 0 0 0 
main.1.sm_70.ptx 1047 : 3145728 31618176 0 0 0 0 0 0 0 
main.1.sm_70.ptx 1043 : 3145728 28367808 0 0 0 0 0 0 0 
main.1.sm_70.ptx 1042 : 3145728 18929376 0 0 0 0 0 0 0 
main.1.sm_70.ptx 1041 : 3145728 25902272 0 0 0 0 0 0 0 
main.1.sm_70.ptx 1040 : 3145728 18935648 0 0 0 0 0 0 0 
main.1.sm_70.ptx 1039 : 3145728 18957696 0 0 0 0 0 0 0 
main.1.sm_70.ptx 1034 : 3145728 18937184 0 0 0 0 0 0 0 
main.1.sm_70.ptx 1030 : 3145728 28371232 0 0 0 0 0 0 0 
main.1.sm_70.ptx 1029 : 3145728 18928832 0 0 0 0 0 0 0 
main.1.sm_70.ptx 1028 : 3145728 26006592 0 0 0 0 0 0 0 
main.1.sm_70.ptx 1027 : 3145728 18956576 0 0 0 0 0 0 0 
main.1.sm_70.ptx 1026 : 3145728 19152768 0 0 0 0 0 0 0 
main.1.sm_70.ptx 1018 : 3145728 28375072 0 0 0 0 0 0 0 
main.1.sm_70.ptx 1017 : 3145728 18938048 0 0 0 0 0 0 0 
main.1.sm_70.ptx 1016 : 3145728 25934144 0 0 0 0 0 0 0 
main.1.sm_70.ptx 1015 : 3145728 18940960 0 0 0 0 0 0 0 
main.1.sm_70.ptx 1014 : 3145728 18957024 0 0 0 0 0 0 0 
main.1.sm_70.ptx 1009 : 3145728 18929344 0 0 0 0 0 0 0 
main.1.sm_70.ptx 1005 : 3145728 28362272 0 0 0 0 0 0 0 
main.1.sm_70.ptx 1004 : 3145728 18941280 0 0 0 0 0 0 0 
main.1.sm_70.ptx 1003 : 3145728 26552832 0 0 0 0 0 0 0 
main.1.sm_70.ptx 1002 : 3145728 19066944 0 0 0 0 0 0 0 
main.1.sm_70.ptx 1001 : 3145728 18951872 0 0 0 0 0 0 0 
main.1.sm_70.ptx 996 : 3145728 16644896 0 0 0 0 0 0 0 
main.1.sm_70.ptx 995 : 3145728 56713504 0 0 0 0 0 0 0 
main.1.sm_70.ptx 994 : 3145728 19004288 0 0 0 0 0 0 0 
main.1.sm_70.ptx 990 : 3145728 28378336 0 0 0 0 0 0 0 
main.1.sm_70.ptx 989 : 3145728 18941568 0 0 0 0 0 0 0 
main.1.sm_70.ptx 462 : 49152 297280 0 0 0 0 0 0 0 
main.1.sm_70.ptx 444 : 49152 297696 0 0 0 0 0 0 0 
main.1.sm_70.ptx 443 : 49152 298944 0 0 0 0 0 0 0 
main.1.sm_70.ptx 442 : 49152 296960 0 0 0 0 0 0 0 
main.1.sm_70.ptx 441 : 49152 302752 0 0 0 0 0 0 0 
main.1.sm_70.ptx 440 : 49152 444160 0 0 0 0 0 0 0 
main.1.sm_70.ptx 439 : 49152 300736 0 0 0 0 0 0 0 
main.1.sm_70.ptx 438 : 49152 495424 0 0 0 0 0 0 0 
main.1.sm_70.ptx 437 : 49152 301152 0 0 0 0 0 0 0 
main.1.sm_70.ptx 436 : 49152 303584 0 0 0 0 0 0 0 
main.1.sm_70.ptx 435 : 49152 494880 0 0 0 0 0 0 0 
main.1.sm_70.ptx 434 : 49152 302816 0 0 0 0 0 0 0 
main.1.sm_70.ptx 433 : 49152 304352 0 0 0 0 0 0 0 
main.1.sm_70.ptx 432 : 49152 447584 0 0 0 0 0 0 0 
main.1.sm_70.ptx 431 : 49152 297792 0 0 0 0 0 0 0 
main.1.sm_70.ptx 430 : 49152 495328 0 0 0 0 0 0 0 
main.1.sm_70.ptx 429 : 49152 298784 0 0 0 0 0 0 0 
main.1.sm_70.ptx 428 : 49152 297120 0 0 0 0 0 0 0 
main.1.sm_70.ptx 427 : 49152 297280 0 0 0 0 0 0 0 
main.1.sm_70.ptx 426 : 49152 298656 0 0 0 0 0 0 0 
main.1.sm_70.ptx 425 : 49152 297952 0 0 0 0 0 0 0 
main.1.sm_70.ptx 424 : 49152 302272 0 0 0 0 0 0 0 
main.1.sm_70.ptx 423 : 49152 444928 0 0 0 0 0 0 0 
main.1.sm_70.ptx 422 : 49152 300960 0 0 0 0 0 0 0 
main.1.sm_70.ptx 421 : 49152 494336 0 0 0 0 0 0 0 
main.1.sm_70.ptx 420 : 49152 301632 0 0 0 0 0 0 0 
main.1.sm_70.ptx 419 : 49152 304032 0 0 0 0 0 0 0 
main.1.sm_70.ptx 418 : 49152 494528 0 0 0 0 0 0 0 
main.1.sm_70.ptx 417 : 49152 302336 0 0 0 0 0 0 0 
main.1.sm_70.ptx 416 : 49152 304896 0 0 0 0 0 0 0 
main.1.sm_70.ptx 415 : 49152 445920 0 0 0 0 0 0 0 
main.1.sm_70.ptx 414 : 49152 298336 0 0 0 0 0 0 0 
main.1.sm_70.ptx 413 : 49152 494816 0 0 0 0 0 0 0 
main.1.sm_70.ptx 412 : 49152 297376 0 0 0 0 0 0 0 
main.1.sm_70.ptx 411 : 49152 297472 0 0 0 0 0 0 0 
main.1.sm_70.ptx 410 : 49152 297056 0 0 0 0 0 0 0 
main.1.sm_70.ptx 409 : 49152 299136 0 0 0 0 0 0 0 
main.1.sm_70.ptx 408 : 49152 297728 0 0 0 0 0 0 0 
main.1.sm_70.ptx 407 : 49152 301920 0 0 0 0 0 0 0 
main.1.sm_70.ptx 406 : 49152 444896 0 0 0 0 0 0 0 
main.1.sm_70.ptx 405 : 49152 301248 0 0 0 0 0 0 0 
main.1.sm_70.ptx 404 : 49152 494592 0 0 0 0 0 0 0 
main.1.sm_70.ptx 403 : 49152 302016 0 0 0 0 0 0 0 
main.1.sm_70.ptx 402 : 49152 304352 0 0 0 0 0 0 0 
main.1.sm_70.ptx 401 : 49152 494336 0 0 0 0 0 0 0 
main.1.sm_70.ptx 400 : 49152 302208 0 0 0 0 0 0 0 
main.1.sm_70.ptx 399 : 49152 303488 0 0 0 0 0 0 0 
main.1.sm_70.ptx 398 : 49152 446560 0 0 0 0 0 0 0 
main.1.sm_70.ptx 397 : 49152 298432 0 0 0 0 0 0 0 
main.1.sm_70.ptx 396 : 49152 494080 0 0 0 0 0 0 0 
main.1.sm_70.ptx 395 : 49152 298336 0 0 0 0 0 0 0 
main.1.sm_70.ptx 394 : 49152 296864 0 0 0 0 0 0 0 
main.1.sm_70.ptx 393 : 49152 297120 0 0 0 0 0 0 0 
main.1.sm_70.ptx 392 : 49152 298368 0 0 0 0 0 0 0 
main.1.sm_70.ptx 391 : 49152 297984 0 0 0 0 0 0 0 
main.1.sm_70.ptx 390 : 49152 302944 0 0 0 0 0 0 0 
main.1.sm_70.ptx 389 : 49152 444672 0 0 0 0 0 0 0 
main.1.sm_70.ptx 388 : 49152 302080 0 0 0 0 0 0 0 
main.1.sm_70.ptx 387 : 49152 495072 0 0 0 0 0 0 0 
main.1.sm_70.ptx 386 : 49152 301952 0 0 0 0 0 0 0 
main.1.sm_70.ptx 385 : 49152 303648 0 0 0 0 0 0 0 
main.1.sm_70.ptx 384 : 49152 495008 0 0 0 0 0 0 0 
main.1.sm_70.ptx 383 : 49152 303104 0 0 0 0 0 0 0 
main.1.sm_70.ptx 382 : 49152 303872 0 0 0 0 0 0 0 
main.1.sm_70.ptx 381 : 49152 446112 0 0 0 0 0 0 0 
main.1.sm_70.ptx 380 : 49152 298560 0 0 0 0 0 0 0 
main.1.sm_70.ptx 379 : 49152 493824 0 0 0 0 0 0 0 
main.1.sm_70.ptx 378 : 49152 297984 0 0 0 0 0 0 0 
main.1.sm_70.ptx 377 : 49152 296864 0 0 0 0 0 0 0 
main.1.sm_70.ptx 376 : 49152 297440 0 0 0 0 0 0 0 
main.1.sm_70.ptx 375 : 49152 298336 0 0 0 0 0 0 0 
main.1.sm_70.ptx 374 : 49152 298624 0 0 0 0 0 0 0 
main.1.sm_70.ptx 373 : 49152 302368 0 0 0 0 0 0 0 
main.1.sm_70.ptx 372 : 49152 445056 0 0 0 0 0 0 0 
main.1.sm_70.ptx 371 : 49152 301728 0 0 0 0 0 0 0 
main.1.sm_70.ptx 370 : 49152 494816 0 0 0 0 0 0 0 
main.1.sm_70.ptx 369 : 49152 302016 0 0 0 0 0 0 0 
main.1.sm_70.ptx 368 : 49152 304448 0 0 0 0 0 0 0 
main.1.sm_70.ptx 367 : 49152 494880 0 0 0 0 0 0 0 
main.1.sm_70.ptx 366 : 49152 303392 0 0 0 0 0 0 0 
main.1.sm_70.ptx 365 : 49152 303776 0 0 0 0 0 0 0 
main.1.sm_70.ptx 364 : 49152 445792 0 0 0 0 0 0 0 
main.1.sm_70.ptx 363 : 49152 298368 0 0 0 0 0 0 0 
main.1.sm_70.ptx 362 : 49152 494560 0 0 0 0 0 0 0 
main.1.sm_70.ptx 361 : 49152 298240 0 0 0 0 0 0 0 
main.1.sm_70.ptx 360 : 49152 297568 0 0 0 0 0 0 0 
main.1.sm_70.ptx 359 : 49152 297408 0 0 0 0 0 0 0 
main.1.sm_70.ptx 358 : 49152 298336 0 0 0 0 0 0 0 
main.1.sm_70.ptx 357 : 49152 298592 0 0 0 0 0 0 0 
main.1.sm_70.ptx 356 : 49152 302560 0 0 0 0 0 0 0 
main.1.sm_70.ptx 355 : 49152 444576 0 0 0 0 0 0 0 
main.1.sm_70.ptx 354 : 49152 300576 0 0 0 0 0 0 0 
main.1.sm_70.ptx 353 : 49152 495296 0 0 0 0 0 0 0 
main.1.sm_70.ptx 352 : 49152 301632 0 0 0 0 0 0 0 
main.1.sm_70.ptx 351 : 49152 304000 0 0 0 0 0 0 0 
main.1.sm_70.ptx 350 : 49152 495488 0 0 0 0 0 0 0 
main.1.sm_70.ptx 349 : 49152 301984 0 0 0 0 0 0 0 
main.1.sm_70.ptx 348 : 49152 303968 0 0 0 0 0 0 0 
main.1.sm_70.ptx 347 : 49152 446528 0 0 0 0 0 0 0 
main.1.sm_70.ptx 346 : 49152 298016 0 0 0 0 0 0 0 
main.1.sm_70.ptx 345 : 49152 494944 0 0 0 0 0 0 0 
main.1.sm_70.ptx 344 : 49152 297856 0 0 0 0 0 0 0 
main.1.sm_70.ptx 343 : 49152 297280 0 0 0 0 0 0 0 
main.1.sm_70.ptx 342 : 49152 297856 0 0 0 0 0 0 0 
main.1.sm_70.ptx 341 : 49152 298080 0 0 0 0 0 0 0 
main.1.sm_70.ptx 340 : 49152 297376 0 0 0 0 0 0 0 
main.1.sm_70.ptx 339 : 49152 302944 0 0 0 0 0 0 0 
main.1.sm_70.ptx 338 : 49152 444704 0 0 0 0 0 0 0 
main.1.sm_70.ptx 337 : 49152 301024 0 0 0 0 0 0 0 
main.1.sm_70.ptx 336 : 49152 495136 0 0 0 0 0 0 0 
main.1.sm_70.ptx 335 : 49152 301440 0 0 0 0 0 0 0 
main.1.sm_70.ptx 334 : 49152 304704 0 0 0 0 0 0 0 
main.1.sm_70.ptx 333 : 49152 495200 0 0 0 0 0 0 0 
main.1.sm_70.ptx 332 : 49152 303584 0 0 0 0 0 0 0 
main.1.sm_70.ptx 331 : 49152 304928 0 0 0 0 0 0 0 
main.1.sm_70.ptx 330 : 49152 446112 0 0 0 0 0 0 0 
main.1.sm_70.ptx 329 : 49152 298272 0 0 0 0 0 0 0 
main.1.sm_70.ptx 328 : 49152 495168 0 0 0 0 0 0 0 
main.1.sm_70.ptx 327 : 49152 297440 0 0 0 0 0 0 0 
main.1.sm_70.ptx 326 : 49152 296800 0 0 0 0 0 0 0 
main.1.sm_70.ptx 325 : 49152 298400 0 0 0 0 0 0 0 
main.1.sm_70.ptx 324 : 49152 298240 0 0 0 0 0 0 0 
main.1.sm_70.ptx 323 : 49152 297824 0 0 0 0 0 0 0 
main.1.sm_70.ptx 322 : 49152 301440 0 0 0 0 0 0 0 
main.1.sm_70.ptx 321 : 49152 445024 0 0 0 0 0 0 0 
main.1.sm_70.ptx 320 : 49152 301376 0 0 0 0 0 0 0 
main.1.sm_70.ptx 319 : 49152 494528 0 0 0 0 0 0 0 
main.1.sm_70.ptx 318 : 49152 301792 0 0 0 0 0 0 0 
main.1.sm_70.ptx 317 : 49152 303456 0 0 0 0 0 0 0 
main.1.sm_70.ptx 316 : 49152 495264 0 0 0 0 0 0 0 
main.1.sm_70.ptx 315 : 49152 304096 0 0 0 0 0 0 0 
main.1.sm_70.ptx 314 : 49152 304864 0 0 0 0 0 0 0 
main.1.sm_70.ptx 313 : 49152 446720 0 0 0 0 0 0 0 
main.1.sm_70.ptx 312 : 49152 297632 0 0 0 0 0 0 0 
main.1.sm_70.ptx 311 : 49152 495168 0 0 0 0 0 0 0 
main.1.sm_70.ptx 310 : 49152 297888 0 0 0 0 0 0 0 
main.1.sm_70.ptx 309 : 49152 298016 0 0 0 0 0 0 0 
main.1.sm_70.ptx 308 : 49152 297184 0 0 0 0 0 0 0 
main.1.sm_70.ptx 307 : 49152 298112 0 0 0 0 0 0 0 
main.1.sm_70.ptx 306 : 49152 298048 0 0 0 0 0 0 0 
main.1.sm_70.ptx 305 : 49152 303424 0 0 0 0 0 0 0 
main.1.sm_70.ptx 304 : 49152 445472 0 0 0 0 0 0 0 
main.1.sm_70.ptx 303 : 49152 301504 0 0 0 0 0 0 0 
main.1.sm_70.ptx 302 : 49152 494976 0 0 0 0 0 0 0 
main.1.sm_70.ptx 301 : 49152 301344 0 0 0 0 0 0 0 
main.1.sm_70.ptx 300 : 49152 304064 0 0 0 0 0 0 0 
main.1.sm_70.ptx 299 : 49152 495040 0 0 0 0 0 0 0 
main.1.sm_70.ptx 298 : 49152 303264 0 0 0 0 0 0 0 
main.1.sm_70.ptx 297 : 49152 303648 0 0 0 0 0 0 0 
main.1.sm_70.ptx 296 : 49152 446944 0 0 0 0 0 0 0 
main.1.sm_70.ptx 295 : 49152 298624 0 0 0 0 0 0 0 
main.1.sm_70.ptx 294 : 49152 494976 0 0 0 0 0 0 0 
main.1.sm_70.ptx 293 : 49152 297760 0 0 0 0 0 0 0 
main.1.sm_70.ptx 292 : 49152 297088 0 0 0 0 0 0 0 
main.1.sm_70.ptx 291 : 49152 297696 0 0 0 0 0 0 0 
main.1.sm_70.ptx 290 : 49152 297728 0 0 0 0 0 0 0 
main.1.sm_70.ptx 289 : 49152 298112 0 0 0 0 0 0 0 
main.1.sm_70.ptx 288 : 49152 303168 0 0 0 0 0 0 0 
main.1.sm_70.ptx 287 : 49152 444864 0 0 0 0 0 0 0 
main.1.sm_70.ptx 286 : 49152 301856 0 0 0 0 0 0 0 
main.1.sm_70.ptx 285 : 49152 494624 0 0 0 0 0 0 0 
main.1.sm_70.ptx 284 : 49152 301248 0 0 0 0 0 0 0 
main.1.sm_70.ptx 283 : 49152 303136 0 0 0 0 0 0 0 
main.1.sm_70.ptx 282 : 49152 494976 0 0 0 0 0 0 0 
main.1.sm_70.ptx 281 : 49152 301920 0 0 0 0 0 0 0 
main.1.sm_70.ptx 280 : 49152 304128 0 0 0 0 0 0 0 
main.1.sm_70.ptx 279 : 49152 446176 0 0 0 0 0 0 0 
main.1.sm_70.ptx 278 : 49152 298144 0 0 0 0 0 0 0 
main.1.sm_70.ptx 277 : 49152 494912 0 0 0 0 0 0 0 
main.1.sm_70.ptx 276 : 49152 297920 0 0 0 0 0 0 0 
main.1.sm_70.ptx 275 : 49152 297216 0 0 0 0 0 0 0 
main.1.sm_70.ptx 274 : 49152 297312 0 0 0 0 0 0 0 
main.1.sm_70.ptx 273 : 49152 297792 0 0 0 0 0 0 0 
main.1.sm_70.ptx 272 : 49152 297440 0 0 0 0 0 0 0 
main.1.sm_70.ptx 271 : 49152 302304 0 0 0 0 0 0 0 
main.1.sm_70.ptx 270 : 49152 444960 0 0 0 0 0 0 0 
main.1.sm_70.ptx 269 : 49152 302304 0 0 0 0 0 0 0 
main.1.sm_70.ptx 268 : 49152 494848 0 0 0 0 0 0 0 
main.1.sm_70.ptx 267 : 49152 300576 0 0 0 0 0 0 0 
main.1.sm_70.ptx 266 : 49152 303168 0 0 0 0 0 0 0 
main.1.sm_70.ptx 265 : 49152 495264 0 0 0 0 0 0 0 
main.1.sm_70.ptx 264 : 49152 301440 0 0 0 0 0 0 0 
main.1.sm_70.ptx 263 : 49152 303456 0 0 0 0 0 0 0 
main.1.sm_70.ptx 262 : 49152 445856 0 0 0 0 0 0 0 
main.1.sm_70.ptx 261 : 49152 298912 0 0 0 0 0 0 0 
main.1.sm_70.ptx 260 : 49152 494592 0 0 0 0 0 0 0 
main.1.sm_70.ptx 259 : 49152 297792 0 0 0 0 0 0 0 
main.1.sm_70.ptx 150 : 49152 302144 0 0 0 0 0 0 0 
main.1.sm_70.ptx 973 : 3145728 26320768 0 0 0 0 0 0 0 
main.1.sm_70.ptx 132 : 49152 300448 0 0 0 0 0 0 0 
main.1.sm_70.ptx 955 : 3145728 18930112 0 0 0 0 0 0 0 
main.1.sm_70.ptx 130 : 49152 1301536 0 0 0 0 0 0 0 
main.1.sm_70.ptx 129 : 49152 1288800 0 0 0 0 0 0 0 
main.1.sm_70.ptx 128 : 49152 263168 0 0 0 0 0 0 0 
main.1.sm_70.ptx 127 : 49152 267648 0 0 0 0 0 0 0 
main.1.sm_70.ptx 125 : 49152 298464 0 0 0 0 0 0 0 
main.1.sm_70.ptx 123 : 49152 258400 0 0 0 0 0 0 0 
main.1.sm_70.ptx 119 : 3072 18432 0 0 0 0 0 0 0 
main.1.sm_70.ptx 942 : 3145728 18925280 0 0 0 0 0 0 0 
main.1.sm_70.ptx 118 : 3072 18432 0 0 0 0 0 0 0 
main.1.sm_70.ptx 941 : 3145728 19087840 0 0 0 0 0 0 0 
main.1.sm_70.ptx 117 : 3072 18432 0 0 0 0 0 0 0 
main.1.sm_70.ptx 116 : 3072 18432 0 0 0 0 0 0 0 
main.1.sm_70.ptx 115 : 3072 18432 0 0 0 0 0 0 0 
main.1.sm_70.ptx 114 : 3072 18432 0 0 0 0 0 0 0 
main.1.sm_70.ptx 113 : 3072 18432 0 0 0 0 0 0 0 
main.1.sm_70.ptx 936 : 3145728 28362048 0 0 0 0 0 0 0 
main.1.sm_70.ptx 112 : 3072 18432 0 0 0 0 0 0 0 
main.1.sm_70.ptx 935 : 3145728 18933632 0 0 0 0 0 0 0 
main.1.sm_70.ptx 111 : 3072 18432 0 0 0 0 0 0 0 
main.1.sm_70.ptx 934 : 3145728 80330528 0 228864 98304 0 0 0 0 
main.1.sm_70.ptx 110 : 3072 18432 0 0 0 0 0 0 0 
main.1.sm_70.ptx 933 : 3145728 28353504 0 0 0 0 0 0 0 
main.1.sm_70.ptx 109 : 3072 15936 0 0 0 0 0 0 0 
main.1.sm_70.ptx 932 : 3145728 18923840 0 0 0 0 0 0 0 
main.1.sm_70.ptx 108 : 3072 15360 0 0 0 0 0 0 0 
main.1.sm_70.ptx 931 : 3145728 18955392 0 0 0 0 0 0 0 
main.1.sm_70.ptx 81 : 12 948 0 0 0 0 0 0 0 
main.1.sm_70.ptx 904 : 3145728 18918208 0 0 0 0 0 0 0 
main.1.sm_70.ptx 78 : 12 948 0 0 0 0 0 0 0 
main.1.sm_70.ptx 76 : 12 60 0 0 0 0 0 0 0 
main.1.sm_70.ptx 75 : 12 60 0 0 0 0 0 0 0 
main.1.sm_70.ptx 898 : 3145728 17045216 0 0 0 0 0 0 0 
main.1.sm_70.ptx 105 : 12288 50368 0 0 0 0 0 0 0 
main.1.sm_70.ptx 104 : 12288 79296 0 0 0 0 0 0 0 
main.1.sm_70.ptx 103 : 12288 118560 0 0 0 0 0 0 0 
main.1.sm_70.ptx 102 : 12288 272000 0 1536 384 0 0 0 0 
main.1.sm_70.ptx 925 : 3145728 28343360 0 0 0 0 0 0 0 
main.1.sm_70.ptx 153 : 49152 298176 0 0 0 0 0 0 0 
main.1.sm_70.ptx 465 : 49152 298144 0 0 0 0 0 0 0 
main.1.sm_70.ptx 56 : 12 60 0 0 0 0 0 0 0 
main.1.sm_70.ptx 879 : 3145728 18962912 0 0 0 0 0 0 0 
main.1.sm_70.ptx 255 : 49152 298240 0 0 0 0 0 0 0 
main.1.sm_70.ptx 152 : 49152 451776 0 0 0 0 0 0 0 
main.1.sm_70.ptx 975 : 3145728 28359296 0 0 0 0 0 0 0 
main.1.sm_70.ptx 464 : 49152 495200 0 0 0 0 0 0 0 
main.1.sm_70.ptx 55 : 12 60 0 0 0 0 0 0 0 
main.1.sm_70.ptx 878 : 3145728 18945088 0 0 0 0 0 0 0 
main.1.sm_70.ptx 254 : 49152 302208 0 0 0 0 0 0 0 
main.1.sm_70.ptx 151 : 49152 446624 0 0 0 0 0 0 0 
main.1.sm_70.ptx 974 : 3145728 18936160 0 0 0 0 0 0 0 
main.1.sm_70.ptx 463 : 49152 298112 0 0 0 0 0 0 0 
main.1.sm_70.ptx 54 : 12 60 0 0 0 0 0 0 0 
main.1.sm_70.ptx 253 : 49152 444768 0 0 0 0 0 0 0 
main.1.sm_70.ptx 101 : 12288 234304 0 1536 384 0 0 0 0 
main.1.sm_70.ptx 924 : 3145728 18913984 0 0 0 0 0 0 0 
main.1.sm_70.ptx 149 : 49152 496256 0 0 0 0 0 0 0 
main.1.sm_70.ptx 972 : 3145728 19025920 0 0 0 0 0 0 0 
main.1.sm_70.ptx 461 : 49152 298112 0 0 0 0 0 0 0 
main.1.sm_70.ptx 52 : 3072 15300 0 0 0 0 0 0 12 
main.1.sm_70.ptx 251 : 49152 494848 0 0 0 0 0 0 0 
main.1.sm_70.ptx 99 : 12288 154592 0 1536 384 0 0 0 0 
main.1.sm_70.ptx 922 : 3145728 18910080 0 0 0 0 0 0 0 
main.1.sm_70.ptx 148 : 49152 304192 0 0 0 0 0 0 0 
main.1.sm_70.ptx 971 : 3145728 18942496 0 0 0 0 0 0 0 
main.1.sm_70.ptx 460 : 49152 298720 0 0 0 0 0 0 0 
main.1.sm_70.ptx 51 : 3072 18432 0 0 0 0 0 0 0 
main.1.sm_70.ptx 874 : 3145728 28352672 0 0 0 0 0 0 0 
main.1.sm_70.ptx 250 : 49152 301824 0 0 0 0 0 0 0 
main.1.sm_70.ptx 98 : 12288 110592 0 0 0 0 0 0 0 
main.1.sm_70.ptx 921 : 3145728 19071872 0 0 0 0 0 0 0 
main.1.sm_70.ptx 147 : 49152 304768 0 0 0 0 0 0 0 
main.1.sm_70.ptx 459 : 49152 297536 0 0 0 0 0 0 0 
main.1.sm_70.ptx 50 : 3072 27648 0 0 0 0 0 0 0 
main.1.sm_70.ptx 873 : 3145728 18918240 0 0 0 0 0 0 0 
main.1.sm_70.ptx 249 : 49152 303936 0 0 0 0 0 0 0 
main.1.sm_70.ptx 97 : 12288 62048 0 0 0 0 0 0 0 
main.1.sm_70.ptx 146 : 49152 495200 0 0 0 0 0 0 0 
main.1.sm_70.ptx 458 : 49152 300576 0 0 0 0 0 0 0 
main.1.sm_70.ptx 49 : 3072 16512 0 0 0 0 0 0 0 
main.1.sm_70.ptx 872 : 3145728 25792064 0 0 0 0 0 0 0 
main.1.sm_70.ptx 248 : 49152 494336 0 0 0 0 0 0 0 
main.1.sm_70.ptx 96 : 12288 74432 0 0 0 0 0 0 0 
main.1.sm_70.ptx 145 : 49152 302272 0 0 0 0 0 0 0 
main.1.sm_70.ptx 457 : 49152 444672 0 0 0 0 0 0 0 
main.1.sm_70.ptx 48 : 3072 27648 0 0 0 0 0 0 0 
main.1.sm_70.ptx 871 : 3145728 18923808 0 0 0 0 0 0 0 
main.1.sm_70.ptx 247 : 49152 303456 0 0 0 0 0 0 0 
main.1.sm_70.ptx 95 : 12288 5518880 16384 0 0 6144 384 0 0 
main.1.sm_70.ptx 144 : 49152 302560 0 0 0 0 0 0 0 
main.1.sm_70.ptx 456 : 49152 300192 0 0 0 0 0 0 0 
main.1.sm_70.ptx 47 : 3072 22272 0 0 0 0 0 0 0 
main.1.sm_70.ptx 870 : 3145728 18921920 0 0 0 0 0 0 0 
main.1.sm_70.ptx 246 : 49152 304128 0 0 0 0 0 0 0 
main.1.sm_70.ptx 94 : 12288 110592 0 0 0 0 0 0 0 
main.1.sm_70.ptx 143 : 49152 302368 0 0 0 0 0 0 0 
main.1.sm_70.ptx 966 : 3145728 17469408 0 0 0 0 0 0 0 
main.1.sm_70.ptx 455 : 49152 494656 0 0 0 0 0 0 0 
main.1.sm_70.ptx 46 : 3072 22272 0 0 0 0 0 0 0 
main.1.sm_70.ptx 245 : 49152 446368 0 0 0 0 0 0 0 
main.1.sm_70.ptx 93 : 12288 110592 0 0 0 0 0 0 0 
main.1.sm_70.ptx 916 : 3145728 31498848 0 0 0 0 0 0 0 
main.1.sm_70.ptx 445 : 49152 297376 0 0 0 0 0 0 0 
main.1.sm_70.ptx 36 : 3072 19584 0 0 0 0 0 0 0 
main.1.sm_70.ptx 859 : 3145728 18924352 0 0 0 0 0 0 0 
main.1.sm_70.ptx 235 : 49152 301376 0 0 0 0 0 0 0 
main.1.sm_70.ptx 134 : 49152 299424 0 0 0 0 0 0 0 
main.1.sm_70.ptx 957 : 3145728 18929600 0 0 0 0 0 0 0 
main.1.sm_70.ptx 446 : 49152 297184 0 0 0 0 0 0 0 
main.1.sm_70.ptx 37 : 3072 24960 0 0 0 0 0 0 0 
main.1.sm_70.ptx 860 : 3145728 28359232 0 0 0 0 0 0 0 
main.1.sm_70.ptx 236 : 49152 444736 0 0 0 0 0 0 0 
main.1.sm_70.ptx 135 : 49152 301312 0 0 0 0 0 0 0 
main.1.sm_70.ptx 958 : 3145728 28353408 0 0 0 0 0 0 0 
main.1.sm_70.ptx 447 : 49152 495104 0 0 0 0 0 0 0 
main.1.sm_70.ptx 1779 : 12 792 0 0 0 0 0 0 0 
main.1.sm_70.ptx 38 : 3072 18432 0 0 0 0 0 0 0 
main.1.sm_70.ptx 861 : 3145728 19087840 0 0 0 0 0 0 0 
main.1.sm_70.ptx 237 : 49152 302208 0 0 0 0 0 0 0 
main.1.sm_70.ptx 85 : 3072 18432 0 0 0 0 0 0 0 
main.1.sm_70.ptx 136 : 49152 447296 0 0 0 0 0 0 0 
main.1.sm_70.ptx 448 : 49152 298272 0 0 0 0 0 0 0 
main.1.sm_70.ptx 39 : 3072 15744 0 0 0 0 0 0 0 
main.1.sm_70.ptx 862 : 3145728 18925024 0 0 0 0 0 0 0 
main.1.sm_70.ptx 238 : 49152 298656 0 0 0 0 0 0 0 
main.1.sm_70.ptx 86 : 3072 18432 0 0 0 0 0 0 0 
main.1.sm_70.ptx 137 : 49152 306240 0 0 0 0 0 0 0 
main.1.sm_70.ptx 449 : 49152 445376 0 0 0 0 0 0 0 
main.1.sm_70.ptx 40 : 3072 15360 0 0 0 0 0 0 0 
main.1.sm_70.ptx 863 : 3145728 28358624 0 0 0 0 0 0 0 
main.1.sm_70.ptx 239 : 49152 298432 0 0 0 0 0 0 0 
main.1.sm_70.ptx 87 : 3072 0 0 0 0 0 0 0 0 
main.1.sm_70.ptx 138 : 49152 300896 0 0 0 0 0 0 0 
main.1.sm_70.ptx 450 : 49152 303968 0 0 0 0 0 0 0 
main.1.sm_70.ptx 41 : 3072 15744 0 0 0 0 0 0 0 
main.1.sm_70.ptx 864 : 3145728 80349728 0 216576 98304 0 0 0 0 
main.1.sm_70.ptx 240 : 49152 297792 0 0 0 0 0 0 0 
main.1.sm_70.ptx 139 : 49152 299328 0 0 0 0 0 0 0 
main.1.sm_70.ptx 962 : 3145728 18929920 0 0 0 0 0 0 0 
main.1.sm_70.ptx 451 : 49152 302144 0 0 0 0 0 0 0 
main.1.sm_70.ptx 1783 : 3072 15360 0 0 0 0 0 0 0 
main.1.sm_70.ptx 42 : 3072 18432 0 0 0 0 0 0 0 
main.1.sm_70.ptx 865 : 3145728 15898240 0 0 0 0 0 0 0 
main.1.sm_70.ptx 241 : 49152 297184 0 0 0 0 0 0 0 
main.1.sm_70.ptx 89 : 3072 18432 0 0 0 0 0 0 0 
main.1.sm_70.ptx 912 : 3145728 18934144 0 0 0 0 0 0 0 
main.1.sm_70.ptx 140 : 49152 444768 0 0 0 0 0 0 0 
main.1.sm_70.ptx 963 : 3145728 56684544 0 0 0 0 0 0 0 
main.1.sm_70.ptx 452 : 49152 495040 0 0 0 0 0 0 0 
main.1.sm_70.ptx 43 : 3072 15360 0 0 0 0 0 0 0 
main.1.sm_70.ptx 242 : 49152 297472 0 0 0 0 0 0 0 
main.1.sm_70.ptx 141 : 49152 299008 0 0 0 0 0 0 0 
main.1.sm_70.ptx 964 : 3145728 31517952 0 0 0 0 0 0 0 
main.1.sm_70.ptx 453 : 49152 304704 0 0 0 0 0 0 0 
main.1.sm_70.ptx 44 : 3072 15360 0 0 0 0 0 0 0 
main.1.sm_70.ptx 243 : 49152 494176 0 0 0 0 0 0 0 
main.1.sm_70.ptx 142 : 49152 446688 0 0 0 0 0 0 0 
main.1.sm_70.ptx 965 : 3145728 56838880 0 0 0 0 0 0 0 
main.1.sm_70.ptx 454 : 49152 301792 0 0 0 0 0 0 0 
main.1.sm_70.ptx 45 : 3072 34560 0 0 0 0 0 0 0 
main.1.sm_70.ptx 244 : 49152 298464 0 0 0 0 0 0 0 
main.1.sm_70.ptx 92 : 12288 73984 0 0 0 0 0 0 0 
main.1.sm_70.ptx 915 : 3145728 80460032 0 228864 98304 0 0 0 0 
main.1.sm_70.ptx 154 : 49152 298816 0 0 0 0 0 0 0 
main.1.sm_70.ptx 466 : 49152 446240 0 0 0 0 0 0 0 
main.1.sm_70.ptx 57 : 12 120 0 0 0 0 0 0 0 
main.1.sm_70.ptx 880 : 3145728 18961792 0 0 0 0 0 0 0 
main.1.sm_70.ptx 256 : 49152 297792 0 0 0 0 0 0 0 
main.1.sm_70.ptx 155 : 49152 297920 0 0 0 0 0 0 0 
main.1.sm_70.ptx 467 : 49152 304320 0 0 0 0 0 0 0 
main.1.sm_70.ptx 58 : 12 60 0 0 0 0 0 0 0 
main.1.sm_70.ptx 881 : 3145728 28353248 0 0 0 0 0 0 0 
main.1.sm_70.ptx 257 : 49152 297856 0 0 0 0 0 0 0 
main.1.sm_70.ptx 156 : 49152 297888 0 0 0 0 0 0 0 
main.1.sm_70.ptx 979 : 3145728 18926528 0 0 0 0 0 0 0 
main.1.sm_70.ptx 468 : 49152 302400 0 0 0 0 0 0 0 
main.1.sm_70.ptx 59 : 12 132 0 0 0 0 0 0 0 
main.1.sm_70.ptx 882 : 3145728 31503968 0 0 0 0 0 0 0 
main.1.sm_70.ptx 258 : 49152 297088 0 0 0 0 0 0 0 
main.1.sm_70.ptx 60 : 12 108 0 0 0 0 0 0 0 
main.1.sm_70.ptx 883 : 3145728 19101376 0 0 0 0 0 0 0 
main.1.sm_70.ptx 61 : 12 60 0 0 0 0 0 0 0 
main.1.sm_70.ptx 884 : 3145728 18917536 0 0 0 0 0 0 0 
main.1.sm_70.ptx 62 : 12 72 0 0 0 0 0 0 0 
main.1.sm_70.ptx 885 : 3145728 28346592 0 0 0 0 0 0 0 
main.1.sm_70.ptx 63 : 12 108 0 0 0 0 0 0 0 
main.1.sm_70.ptx 886 : 3145728 80814400 0 230400 98304 0 0 0 0 
main.1.sm_70.ptx 64 : 12 60 0 0 0 0 0 0 0 
main.1.sm_70.ptx 887 : 3145728 18934016 0 0 0 0 0 0 0 
main.1.sm_70.ptx 66 : 12 1248 0 0 0 12 12 0 0 
main.1.sm_70.ptx 889 : 3145728 56780384 0 0 0 0 0 0 0 
main.1.sm_70.ptx 68 : 12 60 0 0 0 0 0 0 0 
main.1.sm_70.ptx 891 : 3145728 19091904 0 0 0 0 0 0 0 
main.1.sm_70.ptx 70 : 12 1188 0 0 0 12 12 0 0 
main.1.sm_70.ptx 893 : 3145728 28346976 0 0 0 0 0 0 0 
main.1.sm_70.ptx 73 : 12 1188 0 0 0 0 0 0 0 
main.1.sm_70.ptx 896 : 3145728 28360448 0 0 0 0 0 0 0 
main.1.sm_70.ptx 100 : 12288 194784 0 1536 384 0 0 0 0 
main.1.sm_70.ptx 923 : 3145728 25625024 0 0 0 0 0 0 0 
main.1.sm_70.ptx 157 : 49152 298304 0 0 0 0 0 0 0 
main.1.sm_70.ptx 980 : 3145728 18949408 0 0 0 0 0 0 0 
main.1.sm_70.ptx 158 : 49152 495424 0 0 0 0 0 0 0 
main.1.sm_70.ptx 981 : 3145728 16590304 0 0 0 0 0 0 0 
main.1.sm_70.ptx 159 : 49152 298784 0 0 0 0 0 0 0 
main.1.sm_70.ptx 160 : 49152 445696 0 0 0 0 0 0 0 
main.1.sm_70.ptx 161 : 49152 304256 0 0 0 0 0 0 0 
main.1.sm_70.ptx 162 : 49152 302816 0 0 0 0 0 0 0 
main.1.sm_70.ptx 163 : 49152 495424 0 0 0 0 0 0 0 
main.1.sm_70.ptx 986 : 3145728 18939360 0 0 0 0 0 0 0 
main.1.sm_70.ptx 164 : 49152 304416 0 0 0 0 0 0 0 
main.1.sm_70.ptx 987 : 3145728 18956128 0 0 0 0 0 0 0 
main.1.sm_70.ptx 165 : 49152 302112 0 0 0 0 0 0 0 
main.1.sm_70.ptx 988 : 3145728 26003072 0 0 0 0 0 0 0 
main.1.sm_70.ptx 166 : 49152 496544 0 0 0 0 0 0 0 
main.1.sm_70.ptx 167 : 49152 302400 0 0 0 0 0 0 0 
main.1.sm_70.ptx 168 : 49152 445376 0 0 0 0 0 0 0 
main.1.sm_70.ptx 169 : 49152 303392 0 0 0 0 0 0 0 
main.1.sm_70.ptx 170 : 49152 298080 0 0 0 0 0 0 0 
main.1.sm_70.ptx 171 : 49152 298144 0 0 0 0 0 0 0 
main.1.sm_70.ptx 172 : 49152 297984 0 0 0 0 0 0 0 
main.1.sm_70.ptx 173 : 49152 297280 0 0 0 0 0 0 0 
main.1.sm_70.ptx 174 : 49152 298080 0 0 0 0 0 0 0 
main.1.sm_70.ptx 175 : 49152 495008 0 0 0 0 0 0 0 
main.1.sm_70.ptx 176 : 49152 299616 0 0 0 0 0 0 0 
main.1.sm_70.ptx 177 : 49152 445952 0 0 0 0 0 0 0 
main.1.sm_70.ptx 178 : 49152 304416 0 0 0 0 0 0 0 
main.1.sm_70.ptx 179 : 49152 303168 0 0 0 0 0 0 0 
main.1.sm_70.ptx 180 : 49152 496000 0 0 0 0 0 0 0 
main.1.sm_70.ptx 181 : 49152 304832 0 0 0 0 0 0 0 
main.1.sm_70.ptx 182 : 49152 302272 0 0 0 0 0 0 0 
main.1.sm_70.ptx 183 : 49152 495296 0 0 0 0 0 0 0 
main.1.sm_70.ptx 184 : 49152 302016 0 0 0 0 0 0 0 
main.1.sm_70.ptx 185 : 49152 444672 0 0 0 0 0 0 0 
main.1.sm_70.ptx 186 : 49152 301728 0 0 0 0 0 0 0 
main.1.sm_70.ptx 187 : 49152 297216 0 0 0 0 0 0 0 
main.1.sm_70.ptx 188 : 49152 298624 0 0 0 0 0 0 0 
main.1.sm_70.ptx 189 : 49152 297344 0 0 0 0 0 0 0 
main.1.sm_70.ptx 190 : 49152 296992 0 0 0 0 0 0 0 
main.1.sm_70.ptx 191 : 49152 297632 0 0 0 0 0 0 0 
main.1.sm_70.ptx 192 : 49152 494656 0 0 0 0 0 0 0 
main.1.sm_70.ptx 193 : 49152 299648 0 0 0 0 0 0 0 
main.1.sm_70.ptx 194 : 49152 446400 0 0 0 0 0 0 0 
main.1.sm_70.ptx 195 : 49152 304224 0 0 0 0 0 0 0 
main.1.sm_70.ptx 196 : 49152 303488 0 0 0 0 0 0 0 
main.1.sm_70.ptx 197 : 49152 495168 0 0 0 0 0 0 0 
main.1.sm_70.ptx 198 : 49152 304736 0 0 0 0 0 0 0 
main.1.sm_70.ptx 199 : 49152 301792 0 0 0 0 0 0 0 
main.1.sm_70.ptx 200 : 49152 495104 0 0 0 0 0 0 0 
main.1.sm_70.ptx 201 : 49152 300704 0 0 0 0 0 0 0 
main.1.sm_70.ptx 202 : 49152 444224 0 0 0 0 0 0 0 
main.1.sm_70.ptx 203 : 49152 302112 0 0 0 0 0 0 0 
main.1.sm_70.ptx 204 : 49152 298656 0 0 0 0 0 0 0 
main.1.sm_70.ptx 205 : 49152 297312 0 0 0 0 0 0 0 
main.1.sm_70.ptx 206 : 49152 297408 0 0 0 0 0 0 0 
main.1.sm_70.ptx 207 : 49152 297952 0 0 0 0 0 0 0 
main.1.sm_70.ptx 208 : 49152 297760 0 0 0 0 0 0 0 
main.1.sm_70.ptx 209 : 49152 494176 0 0 0 0 0 0 0 
main.1.sm_70.ptx 210 : 49152 297888 0 0 0 0 0 0 0 
main.1.sm_70.ptx 211 : 49152 446784 0 0 0 0 0 0 0 
main.1.sm_70.ptx 212 : 49152 303744 0 0 0 0 0 0 0 
main.1.sm_70.ptx 213 : 49152 302496 0 0 0 0 0 0 0 
main.1.sm_70.ptx 214 : 49152 495904 0 0 0 0 0 0 0 
main.1.sm_70.ptx 215 : 49152 303392 0 0 0 0 0 0 0 
main.1.sm_70.ptx 216 : 49152 300736 0 0 0 0 0 0 0 
main.1.sm_70.ptx 217 : 49152 494688 0 0 0 0 0 0 0 
main.1.sm_70.ptx 218 : 49152 301376 0 0 0 0 0 0 0 
main.1.sm_70.ptx 219 : 49152 444352 0 0 0 0 0 0 0 
main.1.sm_70.ptx 220 : 49152 302144 0 0 0 0 0 0 0 
main.1.sm_70.ptx 221 : 49152 297888 0 0 0 0 0 0 0 
main.1.sm_70.ptx 222 : 49152 298208 0 0 0 0 0 0 0 
main.1.sm_70.ptx 223 : 49152 297856 0 0 0 0 0 0 0 
main.1.sm_70.ptx 224 : 49152 297600 0 0 0 0 0 0 0 
main.1.sm_70.ptx 225 : 49152 297248 0 0 0 0 0 0 0 
main.1.sm_70.ptx 226 : 49152 494208 0 0 0 0 0 0 0 
main.1.sm_70.ptx 227 : 49152 298144 0 0 0 0 0 0 0 
main.1.sm_70.ptx 228 : 49152 446560 0 0 0 0 0 0 0 
main.1.sm_70.ptx 229 : 49152 303744 0 0 0 0 0 0 0 
main.1.sm_70.ptx 230 : 49152 303744 0 0 0 0 0 0 0 
main.1.sm_70.ptx 231 : 49152 495616 0 0 0 0 0 0 0 
main.1.sm_70.ptx 232 : 49152 302656 0 0 0 0 0 0 0 
main.1.sm_70.ptx 233 : 49152 301088 0 0 0 0 0 0 0 
main.1.sm_70.ptx 234 : 49152 495008 0 0 0 0 0 0 0 
main.1.sm_70.ptx 252 : 49152 301152 0 0 0 0 0 0 0 
main.1.sm_70.ptx 469 : 49152 494656 0 0 0 0 0 0 0 
main.1.sm_70.ptx 470 : 49152 304320 0 0 0 0 0 0 0 
main.1.sm_70.ptx 471 : 49152 301792 0 0 0 0 0 0 0 
main.1.sm_70.ptx 472 : 49152 494464 0 0 0 0 0 0 0 
main.1.sm_70.ptx 473 : 49152 301664 0 0 0 0 0 0 0 
main.1.sm_70.ptx 474 : 49152 444416 0 0 0 0 0 0 0 
main.1.sm_70.ptx 475 : 49152 302624 0 0 0 0 0 0 0 
main.1.sm_70.ptx 476 : 49152 297760 0 0 0 0 0 0 0 
main.1.sm_70.ptx 477 : 49152 298528 0 0 0 0 0 0 0 
main.1.sm_70.ptx 478 : 49152 297504 0 0 0 0 0 0 0 
main.1.sm_70.ptx 479 : 49152 297824 0 0 0 0 0 0 0 
main.1.sm_70.ptx 480 : 49152 298336 0 0 0 0 0 0 0 
main.1.sm_70.ptx 481 : 49152 495008 0 0 0 0 0 0 0 
main.1.sm_70.ptx 482 : 49152 298752 0 0 0 0 0 0 0 
main.1.sm_70.ptx 483 : 49152 446016 0 0 0 0 0 0 0 
main.1.sm_70.ptx 484 : 49152 304736 0 0 0 0 0 0 0 
main.1.sm_70.ptx 485 : 49152 303200 0 0 0 0 0 0 0 
main.1.sm_70.ptx 486 : 49152 494976 0 0 0 0 0 0 0 
main.1.sm_70.ptx 487 : 49152 304224 0 0 0 0 0 0 0 
main.1.sm_70.ptx 488 : 49152 302048 0 0 0 0 0 0 0 
main.1.sm_70.ptx 489 : 49152 494624 0 0 0 0 0 0 0 
main.1.sm_70.ptx 490 : 49152 300672 0 0 0 0 0 0 0 
main.1.sm_70.ptx 491 : 49152 444544 0 0 0 0 0 0 0 
main.1.sm_70.ptx 492 : 49152 302272 0 0 0 0 0 0 0 
main.1.sm_70.ptx 493 : 49152 297472 0 0 0 0 0 0 0 
main.1.sm_70.ptx 494 : 49152 298880 0 0 0 0 0 0 0 
main.1.sm_70.ptx 495 : 49152 297248 0 0 0 0 0 0 0 
main.1.sm_70.ptx 496 : 49152 296480 0 0 0 0 0 0 0 
main.1.sm_70.ptx 497 : 49152 298112 0 0 0 0 0 0 0 
main.1.sm_70.ptx 498 : 49152 494944 0 0 0 0 0 0 0 
main.1.sm_70.ptx 499 : 49152 298016 0 0 0 0 0 0 0 
main.1.sm_70.ptx 500 : 49152 446752 0 0 0 0 0 0 0 
main.1.sm_70.ptx 501 : 49152 304224 0 0 0 0 0 0 0 
main.1.sm_70.ptx 502 : 49152 301696 0 0 0 0 0 0 0 
main.1.sm_70.ptx 503 : 49152 494592 0 0 0 0 0 0 0 
main.1.sm_70.ptx 504 : 49152 304160 0 0 0 0 0 0 0 
main.1.sm_70.ptx 505 : 49152 301568 0 0 0 0 0 0 0 
main.1.sm_70.ptx 506 : 49152 495264 0 0 0 0 0 0 0 
main.1.sm_70.ptx 507 : 49152 301120 0 0 0 0 0 0 0 
main.1.sm_70.ptx 508 : 49152 444448 0 0 0 0 0 0 0 
main.1.sm_70.ptx 509 : 49152 301856 0 0 0 0 0 0 0 
main.1.sm_70.ptx 510 : 49152 297568 0 0 0 0 0 0 0 
main.1.sm_70.ptx 511 : 49152 297952 0 0 0 0 0 0 0 
main.1.sm_70.ptx 512 : 49152 297152 0 0 0 0 0 0 0 
main.1.sm_70.ptx 513 : 49152 297344 0 0 0 0 0 0 0 
main.1.sm_70.ptx 514 : 49152 298496 0 0 0 0 0 0 0 
main.1.sm_70.ptx 515 : 49152 495456 0 0 0 0 0 0 0 
main.1.sm_70.ptx 516 : 49152 298720 0 0 0 0 0 0 0 
main.1.sm_70.ptx 517 : 49152 445888 0 0 0 0 0 0 0 
main.1.sm_70.ptx 518 : 49152 304992 0 0 0 0 0 0 0 
main.1.sm_70.ptx 519 : 49152 302176 0 0 0 0 0 0 0 
main.1.sm_70.ptx 520 : 49152 495648 0 0 0 0 0 0 0 
main.1.sm_70.ptx 521 : 49152 304608 0 0 0 0 0 0 0 
main.1.sm_70.ptx 522 : 49152 301376 0 0 0 0 0 0 0 
main.1.sm_70.ptx 523 : 49152 494368 0 0 0 0 0 0 0 
main.1.sm_70.ptx 524 : 49152 300288 0 0 0 0 0 0 0 
main.1.sm_70.ptx 525 : 49152 444256 0 0 0 0 0 0 0 
main.1.sm_70.ptx 526 : 49152 302240 0 0 0 0 0 0 0 
main.1.sm_70.ptx 527 : 49152 297728 0 0 0 0 0 0 0 
main.1.sm_70.ptx 528 : 49152 298112 0 0 0 0 0 0 0 
main.1.sm_70.ptx 529 : 49152 297600 0 0 0 0 0 0 0 
main.1.sm_70.ptx 530 : 49152 296768 0 0 0 0 0 0 0 
main.1.sm_70.ptx 531 : 49152 298144 0 0 0 0 0 0 0 
main.1.sm_70.ptx 532 : 49152 494528 0 0 0 0 0 0 0 
main.1.sm_70.ptx 533 : 49152 298112 0 0 0 0 0 0 0 
main.1.sm_70.ptx 534 : 49152 445344 0 0 0 0 0 0 0 
main.1.sm_70.ptx 535 : 49152 304320 0 0 0 0 0 0 0 
main.1.sm_70.ptx 536 : 49152 304192 0 0 0 0 0 0 0 
main.1.sm_70.ptx 537 : 49152 495264 0 0 0 0 0 0 0 
main.1.sm_70.ptx 538 : 49152 303264 0 0 0 0 0 0 0 
main.1.sm_70.ptx 539 : 49152 302240 0 0 0 0 0 0 0 
main.1.sm_70.ptx 540 : 49152 494720 0 0 0 0 0 0 0 
main.1.sm_70.ptx 541 : 49152 299360 0 0 0 0 0 0 0 
main.1.sm_70.ptx 542 : 49152 444704 0 0 0 0 0 0 0 
main.1.sm_70.ptx 543 : 49152 302208 0 0 0 0 0 0 0 
main.1.sm_70.ptx 544 : 49152 297664 0 0 0 0 0 0 0 
main.1.sm_70.ptx 545 : 49152 298720 0 0 0 0 0 0 0 
main.1.sm_70.ptx 546 : 49152 297600 0 0 0 0 0 0 0 
main.1.sm_70.ptx 547 : 49152 297056 0 0 0 0 0 0 0 
main.1.sm_70.ptx 548 : 49152 297952 0 0 0 0 0 0 0 
main.1.sm_70.ptx 549 : 49152 494592 0 0 0 0 0 0 0 
main.1.sm_70.ptx 550 : 49152 297952 0 0 0 0 0 0 0 
main.1.sm_70.ptx 551 : 49152 446528 0 0 0 0 0 0 0 
main.1.sm_70.ptx 552 : 49152 304000 0 0 0 0 0 0 0 
main.1.sm_70.ptx 553 : 49152 302592 0 0 0 0 0 0 0 
main.1.sm_70.ptx 554 : 49152 495360 0 0 0 0 0 0 0 
main.1.sm_70.ptx 555 : 49152 303648 0 0 0 0 0 0 0 
main.1.sm_70.ptx 556 : 49152 301760 0 0 0 0 0 0 0 
main.1.sm_70.ptx 557 : 49152 494272 0 0 0 0 0 0 0 
main.1.sm_70.ptx 558 : 49152 300288 0 0 0 0 0 0 0 
main.1.sm_70.ptx 559 : 49152 444384 0 0 0 0 0 0 0 
main.1.sm_70.ptx 560 : 49152 302720 0 0 0 0 0 0 0 
main.1.sm_70.ptx 561 : 49152 297888 0 0 0 0 0 0 0 
main.1.sm_70.ptx 562 : 49152 298176 0 0 0 0 0 0 0 
main.1.sm_70.ptx 563 : 49152 297120 0 0 0 0 0 0 0 
main.1.sm_70.ptx 564 : 49152 296864 0 0 0 0 0 0 0 
main.1.sm_70.ptx 565 : 49152 298080 0 0 0 0 0 0 0 
main.1.sm_70.ptx 566 : 49152 495136 0 0 0 0 0 0 0 
main.1.sm_70.ptx 567 : 49152 297632 0 0 0 0 0 0 0 
main.1.sm_70.ptx 568 : 49152 446336 0 0 0 0 0 0 0 
main.1.sm_70.ptx 569 : 49152 303296 0 0 0 0 0 0 0 
main.1.sm_70.ptx 570 : 49152 302496 0 0 0 0 0 0 0 
main.1.sm_70.ptx 571 : 49152 495968 0 0 0 0 0 0 0 
main.1.sm_70.ptx 572 : 49152 304640 0 0 0 0 0 0 0 
main.1.sm_70.ptx 573 : 49152 301568 0 0 0 0 0 0 0 
main.1.sm_70.ptx 574 : 49152 494208 0 0 0 0 0 0 0 
main.1.sm_70.ptx 575 : 49152 299840 0 0 0 0 0 0 0 
main.1.sm_70.ptx 576 : 49152 444416 0 0 0 0 0 0 0 
main.1.sm_70.ptx 577 : 49152 302496 0 0 0 0 0 0 0 
main.1.sm_70.ptx 578 : 49152 298016 0 0 0 0 0 0 0 
main.1.sm_70.ptx 579 : 49152 297824 0 0 0 0 0 0 0 
main.1.sm_70.ptx 580 : 49152 297216 0 0 0 0 0 0 0 
main.1.sm_70.ptx 581 : 49152 297248 0 0 0 0 0 0 0 
main.1.sm_70.ptx 582 : 49152 298304 0 0 0 0 0 0 0 
main.1.sm_70.ptx 583 : 49152 495104 0 0 0 0 0 0 0 
main.1.sm_70.ptx 584 : 49152 297952 0 0 0 0 0 0 0 
main.1.sm_70.ptx 585 : 49152 445600 0 0 0 0 0 0 0 
main.1.sm_70.ptx 586 : 49152 303616 0 0 0 0 0 0 0 
main.1.sm_70.ptx 587 : 49152 303968 0 0 0 0 0 0 0 
main.1.sm_70.ptx 588 : 49152 495200 0 0 0 0 0 0 0 
main.1.sm_70.ptx 589 : 49152 303968 0 0 0 0 0 0 0 
main.1.sm_70.ptx 590 : 49152 301472 0 0 0 0 0 0 0 
main.1.sm_70.ptx 591 : 49152 494528 0 0 0 0 0 0 0 
main.1.sm_70.ptx 592 : 49152 299488 0 0 0 0 0 0 0 
main.1.sm_70.ptx 593 : 49152 444544 0 0 0 0 0 0 0 
main.1.sm_70.ptx 594 : 49152 302144 0 0 0 0 0 0 0 
main.1.sm_70.ptx 595 : 49152 298400 0 0 0 0 0 0 0 
main.1.sm_70.ptx 596 : 49152 297536 0 0 0 0 0 0 0 
main.1.sm_70.ptx 597 : 49152 297600 0 0 0 0 0 0 0 
main.1.sm_70.ptx 598 : 49152 297728 0 0 0 0 0 0 0 
main.1.sm_70.ptx 599 : 49152 297888 0 0 0 0 0 0 0 
main.1.sm_70.ptx 600 : 49152 494688 0 0 0 0 0 0 0 
main.1.sm_70.ptx 601 : 49152 297472 0 0 0 0 0 0 0 
main.1.sm_70.ptx 602 : 49152 446528 0 0 0 0 0 0 0 
main.1.sm_70.ptx 603 : 49152 302784 0 0 0 0 0 0 0 
main.1.sm_70.ptx 604 : 49152 300608 0 0 0 0 0 0 0 
main.1.sm_70.ptx 605 : 49152 494368 0 0 0 0 0 0 0 
main.1.sm_70.ptx 606 : 49152 303072 0 0 0 0 0 0 0 
main.1.sm_70.ptx 607 : 49152 300608 0 0 0 0 0 0 0 
main.1.sm_70.ptx 608 : 49152 494912 0 0 0 0 0 0 0 
main.1.sm_70.ptx 609 : 49152 300896 0 0 0 0 0 0 0 
main.1.sm_70.ptx 610 : 49152 444800 0 0 0 0 0 0 0 
main.1.sm_70.ptx 611 : 49152 302208 0 0 0 0 0 0 0 
main.1.sm_70.ptx 612 : 49152 297408 0 0 0 0 0 0 0 
main.1.sm_70.ptx 613 : 49152 298208 0 0 0 0 0 0 0 
main.1.sm_70.ptx 614 : 49152 296640 0 0 0 0 0 0 0 
main.1.sm_70.ptx 615 : 49152 297664 0 0 0 0 0 0 0 
main.1.sm_70.ptx 616 : 49152 298272 0 0 0 0 0 0 0 
main.1.sm_70.ptx 617 : 49152 495200 0 0 0 0 0 0 0 
main.1.sm_70.ptx 618 : 49152 298336 0 0 0 0 0 0 0 
main.1.sm_70.ptx 619 : 49152 446176 0 0 0 0 0 0 0 
main.1.sm_70.ptx 620 : 49152 303552 0 0 0 0 0 0 0 
main.1.sm_70.ptx 621 : 49152 301568 0 0 0 0 0 0 0 
main.1.sm_70.ptx 622 : 49152 494240 0 0 0 0 0 0 0 
main.1.sm_70.ptx 623 : 49152 303424 0 0 0 0 0 0 0 
main.1.sm_70.ptx 624 : 49152 301056 0 0 0 0 0 0 0 
main.1.sm_70.ptx 625 : 49152 494272 0 0 0 0 0 0 0 
main.1.sm_70.ptx 626 : 49152 300512 0 0 0 0 0 0 0 
main.1.sm_70.ptx 627 : 49152 444192 0 0 0 0 0 0 0 
main.1.sm_70.ptx 628 : 49152 301216 0 0 0 0 0 0 0 
main.1.sm_70.ptx 629 : 49152 297664 0 0 0 0 0 0 0 
main.1.sm_70.ptx 630 : 49152 298048 0 0 0 0 0 0 0 
main.1.sm_70.ptx 631 : 49152 297088 0 0 0 0 0 0 0 
main.1.sm_70.ptx 632 : 49152 296800 0 0 0 0 0 0 0 
main.1.sm_70.ptx 633 : 49152 298272 0 0 0 0 0 0 0 
main.1.sm_70.ptx 634 : 49152 495328 0 0 0 0 0 0 0 
main.1.sm_70.ptx 635 : 49152 298720 0 0 0 0 0 0 0 
main.1.sm_70.ptx 636 : 49152 445760 0 0 0 0 0 0 0 
main.1.sm_70.ptx 637 : 49152 303040 0 0 0 0 0 0 0 
main.1.sm_70.ptx 638 : 49152 301408 0 0 0 0 0 0 0 
main.1.sm_70.ptx 639 : 49152 494272 0 0 0 0 0 0 0 
main.1.sm_70.ptx 640 : 49152 303232 0 0 0 0 0 0 0 
main.1.sm_70.ptx 641 : 49152 301344 0 0 0 0 0 0 0 
main.1.sm_70.ptx 642 : 49152 493664 0 0 0 0 0 0 0 
main.1.sm_70.ptx 643 : 49152 299104 0 0 0 0 0 0 0 
main.1.sm_70.ptx 644 : 49152 444160 0 0 0 0 0 0 0 
main.1.sm_70.ptx 645 : 49152 301280 0 0 0 0 0 0 0 
main.1.sm_70.ptx 646 : 49152 297440 0 0 0 0 0 0 0 
main.1.sm_70.ptx 647 : 49152 297088 0 0 0 0 0 0 0 
main.1.sm_70.ptx 648 : 49152 296768 0 0 0 0 0 0 0 
main.1.sm_70.ptx 649 : 49152 297152 0 0 0 0 0 0 0 
main.1.sm_70.ptx 650 : 49152 297600 0 0 0 0 0 0 0 
main.1.sm_70.ptx 651 : 49152 493984 0 0 0 0 0 0 0 
main.1.sm_70.ptx 652 : 49152 296768 0 0 0 0 0 0 0 
main.1.sm_70.ptx 653 : 49152 444992 0 0 0 0 0 0 0 
main.1.sm_70.ptx 654 : 49152 301856 0 0 0 0 0 0 0 
main.1.sm_70.ptx 655 : 49152 300096 0 0 0 0 0 0 0 
main.1.sm_70.ptx 656 : 49152 494272 0 0 0 0 0 0 0 
main.1.sm_70.ptx 657 : 49152 302912 0 0 0 0 0 0 0 
main.1.sm_70.ptx 658 : 49152 300896 0 0 0 0 0 0 0 
main.1.sm_70.ptx 659 : 49152 493728 0 0 0 0 0 0 0 
main.1.sm_70.ptx 660 : 49152 298976 0 0 0 0 0 0 0 
main.1.sm_70.ptx 661 : 49152 444576 0 0 0 0 0 0 0 
main.1.sm_70.ptx 662 : 49152 301408 0 0 0 0 0 0 0 
main.1.sm_70.ptx 663 : 49152 297056 0 0 0 0 0 0 0 
main.1.sm_70.ptx 664 : 49152 297440 0 0 0 0 0 0 0 
main.1.sm_70.ptx 665 : 49152 296992 0 0 0 0 0 0 0 
main.1.sm_70.ptx 666 : 49152 296192 0 0 0 0 0 0 0 
main.1.sm_70.ptx 667 : 49152 297120 0 0 0 0 0 0 0 
main.1.sm_70.ptx 668 : 49152 494912 0 0 0 0 0 0 0 
main.1.sm_70.ptx 669 : 49152 296960 0 0 0 0 0 0 0 
main.1.sm_70.ptx 670 : 49152 444768 0 0 0 0 0 0 0 
main.1.sm_70.ptx 671 : 49152 301120 0 0 0 0 0 0 0 
main.1.sm_70.ptx 672 : 49152 300192 0 0 0 0 0 0 0 
main.1.sm_70.ptx 673 : 49152 303040 0 0 0 0 0 0 0 
main.1.sm_70.ptx 674 : 49152 493280 0 0 0 0 0 0 0 
main.1.sm_70.ptx 675 : 49152 497024 0 0 0 0 0 0 0 
main.1.sm_70.ptx 676 : 49152 296416 0 0 0 0 0 0 0 
main.1.sm_70.ptx 677 : 49152 444288 0 0 0 0 0 0 0 
main.1.sm_70.ptx 678 : 49152 300768 0 0 0 0 0 0 0 
main.1.sm_70.ptx 679 : 49152 297728 0 0 0 0 0 0 0 
main.1.sm_70.ptx 680 : 49152 297248 0 0 0 0 0 0 0 
main.1.sm_70.ptx 681 : 49152 296032 0 0 0 0 0 0 0 
main.1.sm_70.ptx 682 : 49152 296064 0 0 0 0 0 0 0 
main.1.sm_70.ptx 683 : 49152 297184 0 0 0 0 0 0 0 
main.1.sm_70.ptx 684 : 49152 493888 0 0 0 0 0 0 0 
main.1.sm_70.ptx 685 : 49152 296768 0 0 0 0 0 0 0 
main.1.sm_70.ptx 686 : 49152 444000 0 0 0 0 0 0 0 
main.1.sm_70.ptx 687 : 49152 300672 0 0 0 0 0 0 0 
main.1.sm_70.ptx 688 : 49152 299744 0 0 0 0 0 0 0 
main.1.sm_70.ptx 689 : 49152 302912 0 0 0 0 0 0 0 
main.1.sm_70.ptx 690 : 49152 256032 0 0 0 0 0 0 0 
main.1.sm_70.ptx 695 : 3145728 16067456 0 0 0 0 0 0 0 
main.1.sm_70.ptx 696 : 3145728 16020416 0 0 0 0 0 0 0 
main.1.sm_70.ptx 697 : 3145728 18926144 0 0 0 0 0 0 0 
main.1.sm_70.ptx 698 : 3145728 16489120 0 0 0 0 0 0 0 
main.1.sm_70.ptx 699 : 3145728 81979168 0 0 0 0 0 0 0 
main.1.sm_70.ptx 700 : 3145728 28350592 0 0 0 0 0 0 0 
main.1.sm_70.ptx 701 : 3145728 18927808 0 0 0 0 0 0 0 
main.1.sm_70.ptx 702 : 3145728 18928320 0 0 0 0 0 0 0 
main.1.sm_70.ptx 703 : 3145728 28357568 0 0 0 0 0 0 0 
main.1.sm_70.ptx 704 : 3145728 28348000 0 0 0 0 0 0 0 
main.1.sm_70.ptx 705 : 3145728 18919872 0 0 0 0 0 0 0 
main.1.sm_70.ptx 706 : 3145728 16439008 0 0 0 0 0 0 0 
main.1.sm_70.ptx 707 : 3145728 19288192 0 0 0 0 0 0 0 
main.1.sm_70.ptx 708 : 3145728 18912512 0 0 0 0 0 0 0 
main.1.sm_70.ptx 709 : 3145728 28359072 0 0 0 0 0 0 0 
main.1.sm_70.ptx 710 : 3145728 28344160 0 0 0 0 0 0 0 
main.1.sm_70.ptx 711 : 3145728 28350944 0 0 0 0 0 0 0 
main.1.sm_70.ptx 712 : 3145728 387011008 0 0 0 786432 98304 0 0 
main.1.sm_70.ptx 713 : 3145728 15924192 0 0 0 0 0 0 0 
main.1.sm_70.ptx 714 : 3145728 18923296 0 0 0 0 0 0 0 
main.1.sm_70.ptx 715 : 3145728 18919168 0 0 0 0 0 0 0 
main.1.sm_70.ptx 716 : 3145728 16448832 0 0 0 0 0 0 0 
main.1.sm_70.ptx 717 : 3145728 28353312 0 0 0 0 0 0 0 
main.1.sm_70.ptx 718 : 3145728 82795264 0 233472 98304 0 0 0 0 
main.1.sm_70.ptx 719 : 3145728 15884896 0 0 0 0 0 0 0 
main.1.sm_70.ptx 724 : 3145728 18923552 0 0 0 0 0 0 0 
main.1.sm_70.ptx 725 : 3145728 18923904 0 0 0 0 0 0 0 
main.1.sm_70.ptx 726 : 3145728 25872992 0 0 0 0 0 0 0 
main.1.sm_70.ptx 727 : 3145728 18911712 0 0 0 0 0 0 0 
main.1.sm_70.ptx 728 : 3145728 28353344 0 0 0 0 0 0 0 
main.1.sm_70.ptx 732 : 3145728 19006112 0 0 0 0 0 0 0 
main.1.sm_70.ptx 737 : 3145728 18934496 0 0 0 0 0 0 0 
main.1.sm_70.ptx 738 : 3145728 18917184 0 0 0 0 0 0 0 
main.1.sm_70.ptx 739 : 3145728 25797792 0 0 0 0 0 0 0 
main.1.sm_70.ptx 740 : 3145728 18917760 0 0 0 0 0 0 0 
main.1.sm_70.ptx 741 : 3145728 28352192 0 0 0 0 0 0 0 
main.1.sm_70.ptx 745 : 3145728 19078720 0 0 0 0 0 0 0 
main.1.sm_70.ptx 746 : 3145728 18916928 0 0 0 0 0 0 0 
main.1.sm_70.ptx 747 : 3145728 18918592 0 0 0 0 0 0 0 
main.1.sm_70.ptx 748 : 3145728 18909184 0 0 0 0 0 0 0 
main.1.sm_70.ptx 749 : 3145728 28348416 0 0 0 0 0 0 0 
main.1.sm_70.ptx 750 : 3145728 81640736 0 227328 98304 0 0 0 0 
main.1.sm_70.ptx 755 : 3145728 18904736 0 0 0 0 0 0 0 
main.1.sm_70.ptx 756 : 3145728 18906112 0 0 0 0 0 0 0 
main.1.sm_70.ptx 757 : 3145728 25719136 0 0 0 0 0 0 0 
main.1.sm_70.ptx 758 : 3145728 18908160 0 0 0 0 0 0 0 
main.1.sm_70.ptx 759 : 3145728 28350496 0 0 0 0 0 0 0 
main.1.sm_70.ptx 763 : 3145728 18915872 0 0 0 0 0 0 0 
main.1.sm_70.ptx 764 : 3145728 18928064 0 0 0 0 0 0 0 
main.1.sm_70.ptx 765 : 3145728 31529472 0 0 0 0 0 0 0 
main.1.sm_70.ptx 766 : 3145728 19057728 0 0 0 0 0 0 0 
main.1.sm_70.ptx 767 : 3145728 18920032 0 0 0 0 0 0 0 
main.1.sm_70.ptx 768 : 3145728 28349664 0 0 0 0 0 0 0 
main.1.sm_70.ptx 769 : 3145728 81554944 0 248832 98304 0 0 0 0 
main.1.sm_70.ptx 770 : 3145728 18931296 0 0 0 0 0 0 0 
main.1.sm_70.ptx 771 : 3145728 28351968 0 0 0 0 0 0 0 
main.1.sm_70.ptx 776 : 3145728 19056736 0 0 0 0 0 0 0 
main.1.sm_70.ptx 777 : 3145728 18920288 0 0 0 0 0 0 0 
main.1.sm_70.ptx 778 : 3145728 25763680 0 0 0 0 0 0 0 
main.1.sm_70.ptx 779 : 3145728 18910496 0 0 0 0 0 0 0 
main.1.sm_70.ptx 780 : 3145728 28353056 0 0 0 0 0 0 0 
main.1.sm_70.ptx 784 : 3145728 16355776 0 0 0 0 0 0 0 
main.1.sm_70.ptx 789 : 3145728 18927360 0 0 0 0 0 0 0 
main.1.sm_70.ptx 790 : 3145728 18922432 0 0 0 0 0 0 0 
main.1.sm_70.ptx 791 : 3145728 25807264 0 0 0 0 0 0 0 
main.1.sm_70.ptx 792 : 3145728 18919424 0 0 0 0 0 0 0 
main.1.sm_70.ptx 793 : 3145728 28353792 0 0 0 0 0 0 0 
main.1.sm_70.ptx 797 : 3145728 18919488 0 0 0 0 0 0 0 
main.1.sm_70.ptx 798 : 3145728 18934816 0 0 0 0 0 0 0 
main.1.sm_70.ptx 799 : 3145728 18918784 0 0 0 0 0 0 0 
main.1.sm_70.ptx 800 : 3145728 28354688 0 0 0 0 0 0 0 
main.1.sm_70.ptx 801 : 3145728 81317728 0 239616 98304 0 0 0 0 
main.1.sm_70.ptx 802 : 3145728 15921920 0 0 0 0 0 0 0 
main.1.sm_70.ptx 807 : 3145728 18927648 0 0 0 0 0 0 0 
main.1.sm_70.ptx 808 : 3145728 18929216 0 0 0 0 0 0 0 
main.1.sm_70.ptx 809 : 3145728 25854688 0 0 0 0 0 0 0 
main.1.sm_70.ptx 810 : 3145728 18919424 0 0 0 0 0 0 0 
main.1.sm_70.ptx 811 : 3145728 28352928 0 0 0 0 0 0 0 
main.1.sm_70.ptx 815 : 3145728 18991968 0 0 0 0 0 0 0 
main.1.sm_70.ptx 816 : 3145728 28468608 0 0 0 0 0 0 0 
main.1.sm_70.ptx 817 : 3145728 18931392 0 0 0 0 0 0 0 
main.1.sm_70.ptx 818 : 3145728 28356992 0 0 0 0 0 0 0 
main.1.sm_70.ptx 819 : 3145728 19078656 0 0 0 0 0 0 0 
main.1.sm_70.ptx 820 : 3145728 18924800 0 0 0 0 0 0 0 
main.1.sm_70.ptx 821 : 3145728 28356384 0 0 0 0 0 0 0 
main.1.sm_70.ptx 822 : 3145728 81432512 0 239616 98304 0 0 0 0 
main.1.sm_70.ptx 827 : 3145728 18919584 0 0 0 0 0 0 0 
main.1.sm_70.ptx 828 : 3145728 18913536 0 0 0 0 0 0 0 
main.1.sm_70.ptx 829 : 3145728 25767616 0 0 0 0 0 0 0 
main.1.sm_70.ptx 830 : 3145728 18911712 0 0 0 0 0 0 0 
main.1.sm_70.ptx 831 : 3145728 28346336 0 0 0 0 0 0 0 
main.1.sm_70.ptx 835 : 3145728 18919808 0 0 0 0 0 0 0 
main.1.sm_70.ptx 836 : 3145728 18936352 0 0 0 0 0 0 0 
main.1.sm_70.ptx 837 : 3145728 18944640 0 0 0 0 0 0 0 
main.1.sm_70.ptx 838 : 3145728 28351936 0 0 0 0 0 0 0 
main.1.sm_70.ptx 839 : 3145728 31651744 0 0 0 0 0 0 0 
main.1.sm_70.ptx 840 : 3145728 19113984 0 0 0 0 0 0 0 
main.1.sm_70.ptx 841 : 3145728 18919232 0 0 0 0 0 0 0 
main.1.sm_70.ptx 842 : 3145728 28433248 0 0 0 0 0 0 0 
main.1.sm_70.ptx 843 : 3145728 81428512 0 239616 98304 0 0 0 0 
main.1.sm_70.ptx 844 : 3145728 15897376 0 0 0 0 0 0 0 
main.1.sm_70.ptx 849 : 3145728 18925824 0 0 0 0 0 0 0 
main.1.sm_70.ptx 850 : 3145728 18939840 0 0 0 0 0 0 0 
main.1.sm_70.ptx 851 : 3145728 25894464 0 0 0 0 0 0 0 
main.1.sm_70.ptx 852 : 3145728 18913824 0 0 0 0 0 0 0 
main.1.sm_70.ptx 853 : 3145728 28354752 0 0 0 0 0 0 0 
main.1.sm_70.ptx 857 : 3145728 18927392 0 0 0 0 0 0 0 
main.1.sm_70.ptx 858 : 3145728 18943168 0 0 0 0 0 0 0 
main.1.sm_70.ptx 888 : 3145728 28358464 0 0 0 0 0 0 0 
main.1.sm_70.ptx 890 : 3145728 31506976 0 0 0 0 0 0 0 
main.1.sm_70.ptx 892 : 3145728 18914976 0 0 0 0 0 0 0 
main.1.sm_70.ptx 894 : 3145728 80868096 0 236544 98304 0 0 0 0 
main.1.sm_70.ptx 895 : 3145728 18921024 0 0 0 0 0 0 0 
main.1.sm_70.ptx 897 : 3145728 28469216 0 0 0 0 0 0 0 
main.1.sm_70.ptx 903 : 3145728 18929504 0 0 0 0 0 0 0 
main.1.sm_70.ptx 905 : 3145728 25728640 0 0 0 0 0 0 0 
main.1.sm_70.ptx 906 : 3145728 18913216 0 0 0 0 0 0 0 
main.1.sm_70.ptx 907 : 3145728 28347808 0 0 0 0 0 0 0 
main.1.sm_70.ptx 911 : 3145728 18916768 0 0 0 0 0 0 0 
main.1.sm_70.ptx 913 : 3145728 18908992 0 0 0 0 0 0 0 
main.1.sm_70.ptx 914 : 3145728 28344448 0 0 0 0 0 0 0 
main.1.sm_70.ptx 929 : 3145728 56764224 0 0 0 0 0 0 0 
main.1.sm_70.ptx 930 : 3145728 18989472 0 0 0 0 0 0 0 
main.1.sm_70.ptx 943 : 3145728 25791360 0 0 0 0 0 0 0 
main.1.sm_70.ptx 944 : 3145728 18921536 0 0 0 0 0 0 0 
main.1.sm_70.ptx 945 : 3145728 28360448 0 0 0 0 0 0 0 
main.1.sm_70.ptx 949 : 3145728 16393184 0 0 0 0 0 0 0 
main.1.sm_70.ptx 954 : 3145728 18937824 0 0 0 0 0 0 0 
main.1.sm_70.ptx 956 : 3145728 25861184 0 0 0 0 0 0 0 
