kernel line : count latency dram_traffic smem_bk_conflicts smem_warp gmem_access_generated gmem_warp exposed_latency warp_divergence
bfs.1.sm_70.ptx 5287 : 512 2560 0 0 0 0 0 0 0 
bfs.1.sm_70.ptx 5284 : 521 135 0 0 0 0 0 0 3 
bfs.1.sm_70.ptx 5283 : 521 3282 0 0 0 0 0 0 0 
bfs.1.sm_70.ptx 5282 : 521 30014 0 19 19 0 0 0 0 
bfs.1.sm_70.ptx 5281 : 521 17931 0 0 0 0 0 0 0 
bfs.1.sm_70.ptx 5280 : 521 50307 0 19 19 0 0 0 0 
bfs.1.sm_70.ptx 5278 : 521 40110 0 0 0 182 19 0 0 
bfs.1.sm_70.ptx 5276 : 521 22838 0 69 19 0 0 0 0 
bfs.1.sm_70.ptx 5275 : 521 5685 0 0 0 0 0 0 0 
bfs.1.sm_70.ptx 4948 : 49901 209735 0 0 0 0 0 0 1601 
bfs.1.sm_70.ptx 4947 : 49901 299594 0 0 0 0 0 0 0 
bfs.1.sm_70.ptx 4944 : 41947 377523 0 0 0 0 0 0 0 
bfs.1.sm_70.ptx 4863 : 11126 55631 0 0 0 0 0 0 0 
bfs.1.sm_70.ptx 5272 : 521 5497 0 0 0 0 0 0 0 
bfs.1.sm_70.ptx 4862 : 11126 0 0 0 0 0 0 0 0 
bfs.1.sm_70.ptx 5271 : 521 5253 0 0 0 0 0 0 0 
bfs.1.sm_70.ptx 4861 : 11126 66756 0 0 0 0 0 0 0 
bfs.1.sm_70.ptx 5270 : 521 4895 0 0 0 0 0 0 0 
bfs.1.sm_70.ptx 4860 : 11126 356392 0 1662 1662 0 0 0 0 
bfs.1.sm_70.ptx 5269 : 521 13010 0 19 19 0 0 0 0 
bfs.1.sm_70.ptx 4858 : 11126 0 0 0 0 0 0 0 0 
bfs.1.sm_70.ptx 4857 : 11126 66756 0 0 0 0 0 0 0 
bfs.1.sm_70.ptx 5266 : 512 90 0 0 0 0 0 0 2 
bfs.1.sm_70.ptx 4856 : 11126 2088974 0 0 0 10843 1662 0 0 
bfs.1.sm_70.ptx 5265 : 512 3072 0 0 0 0 0 0 0 
bfs.1.sm_70.ptx 4855 : 11126 100134 0 0 0 0 0 0 0 
bfs.1.sm_70.ptx 4854 : 11126 66756 0 0 0 0 0 0 0 
bfs.1.sm_70.ptx 4852 : 24101 64875 0 0 0 0 0 0 1648 
bfs.1.sm_70.ptx 4851 : 24101 144606 0 0 0 0 0 0 0 
bfs.1.sm_70.ptx 5260 : 240 720 0 0 0 240 240 0 0 
bfs.1.sm_70.ptx 4850 : 24101 4860440 0 0 0 22870 1681 0 0 
bfs.1.sm_70.ptx 4849 : 24101 217867 0 0 0 0 0 0 0 
bfs.1.sm_70.ptx 5258 : 240 1200 0 0 0 0 0 0 0 
bfs.1.sm_70.ptx 4848 : 24101 216909 0 0 0 0 0 0 0 
bfs.1.sm_70.ptx 4847 : 24101 144606 0 0 0 0 0 0 0 
bfs.1.sm_70.ptx 5256 : 240 720 0 0 0 240 240 0 0 
bfs.1.sm_70.ptx 4846 : 24101 217723 0 0 0 0 0 0 0 
bfs.1.sm_70.ptx 4845 : 24101 10802806 0 0 0 0 0 0 0 
bfs.1.sm_70.ptx 4838 : 24101 121735 0 0 0 0 0 0 0 
bfs.1.sm_70.ptx 4837 : 32454 42863 0 0 0 0 0 0 1629 
bfs.1.sm_70.ptx 4836 : 32454 196384 0 0 0 0 0 0 0 
bfs.1.sm_70.ptx 5245 : 240 15840 0 0 0 0 0 0 0 
bfs.1.sm_70.ptx 4834 : 41947 48157 0 0 0 0 0 0 1658 
bfs.1.sm_70.ptx 4833 : 41947 252029 0 0 0 0 0 0 0 
bfs.1.sm_70.ptx 5242 : 240 744 0 0 0 0 0 0 0 
bfs.1.sm_70.ptx 4831 : 49901 40871 0 0 0 0 0 0 1601 
bfs.1.sm_70.ptx 4830 : 49901 303734 0 0 0 0 0 0 0 
bfs.1.sm_70.ptx 5239 : 240 729 0 0 0 240 240 0 0 
bfs.1.sm_70.ptx 4829 : 49901 302589 0 0 0 0 0 0 0 
bfs.1.sm_70.ptx 4828 : 49901 455399 0 0 0 0 0 0 0 
bfs.1.sm_70.ptx 4827 : 49901 921074 0 0 0 0 0 0 0 
bfs.1.sm_70.ptx 5236 : 240 720 0 0 0 240 240 0 0 
bfs.1.sm_70.ptx 4826 : 49901 472419 0 0 0 0 0 0 0 
bfs.1.sm_70.ptx 4824 : 50427 4101 0 0 0 0 0 0 247 
bfs.1.sm_70.ptx 4823 : 50427 364383 0 0 0 0 0 0 0 
bfs.1.sm_70.ptx 4822 : 50427 576472 0 0 0 0 0 0 0 
bfs.1.sm_70.ptx 5231 : 240 1200 0 0 0 0 0 0 0 
bfs.1.sm_70.ptx 4821 : 50427 39563282 0 0 0 44328 1695 0 0 
bfs.1.sm_70.ptx 5230 : 122880 624496 0 0 0 0 0 0 240 
bfs.1.sm_70.ptx 4820 : 50427 38400397 0 0 0 0 0 0 0 
bfs.1.sm_70.ptx 5229 : 122880 692480 0 0 0 0 0 0 0 
bfs.1.sm_70.ptx 4819 : 50427 4332804 0 0 0 0 0 0 0 
bfs.1.sm_70.ptx 4818 : 50427 9810361 0 0 0 44328 1695 0 0 
bfs.1.sm_70.ptx 5227 : 122880 1349728 0 0 0 0 0 0 0 
bfs.1.sm_70.ptx 4817 : 50427 394107 0 0 0 0 0 0 0 
bfs.1.sm_70.ptx 4816 : 50427 735097 0 0 0 0 0 0 0 
bfs.1.sm_70.ptx 4815 : 50427 454802 0 0 0 0 0 0 0 
bfs.1.sm_70.ptx 5224 : 122880 1221632 0 0 0 0 0 0 0 
bfs.1.sm_70.ptx 4809 : 1 5 0 0 0 0 0 0 0 
bfs.1.sm_70.ptx 4917 : 41947 8892616 0 0 0 39562 1693 0 0 
bfs.1.sm_70.ptx 4718 : 512 5728 0 0 0 0 0 0 0 
bfs.1.sm_70.ptx 5127 : 241 5784 0 241 241 0 0 0 0 
bfs.1.sm_70.ptx 4916 : 41947 378507 0 0 0 0 0 0 0 
bfs.1.sm_70.ptx 4717 : 512 4928 0 0 0 0 0 0 0 
bfs.1.sm_70.ptx 4915 : 41947 377523 0 0 0 0 0 0 0 
bfs.1.sm_70.ptx 4716 : 512 5056 0 0 0 0 0 0 0 
bfs.1.sm_70.ptx 5125 : 241 723 0 0 0 241 241 0 0 
bfs.1.sm_70.ptx 4914 : 41947 251682 0 0 0 0 0 0 0 
bfs.1.sm_70.ptx 4715 : 512 4480 0 0 0 0 0 0 0 
bfs.1.sm_70.ptx 4913 : 41947 377523 0 0 0 0 0 0 0 
bfs.1.sm_70.ptx 4714 : 512 4032 0 0 0 0 0 0 0 
bfs.1.sm_70.ptx 5123 : 241 2169 0 0 0 0 0 0 0 
bfs.1.sm_70.ptx 4912 : 41947 10120741 0 0 0 0 0 0 0 
bfs.1.sm_70.ptx 4713 : 512 5728 0 0 0 0 0 0 0 
bfs.1.sm_70.ptx 5122 : 241 723 0 241 241 0 0 0 0 
bfs.1.sm_70.ptx 4712 : 512 4320 0 0 0 0 0 0 0 
bfs.1.sm_70.ptx 5121 : 241 2169 0 0 0 0 0 0 0 
bfs.1.sm_70.ptx 4711 : 512 4160 0 0 0 0 0 0 0 
bfs.1.sm_70.ptx 5120 : 241 5784 0 241 241 0 0 0 0 
bfs.1.sm_70.ptx 4808 : 1 192 0 0 0 1 1 0 0 
bfs.1.sm_70.ptx 4909 : 32454 292086 0 0 0 0 0 0 0 
bfs.1.sm_70.ptx 4710 : 512 5952 0 0 0 0 0 0 0 
bfs.1.sm_70.ptx 5119 : 241 5784 0 241 241 0 0 0 0 
bfs.1.sm_70.ptx 4709 : 512 4320 0 0 0 0 0 0 0 
bfs.1.sm_70.ptx 4708 : 512 4384 0 0 0 0 0 0 0 
bfs.1.sm_70.ptx 5117 : 241 723 0 0 0 241 241 0 0 
bfs.1.sm_70.ptx 4906 : 15137 202106 0 3052 1676 0 0 0 0 
bfs.1.sm_70.ptx 4707 : 512 5728 0 0 0 0 0 0 0 
bfs.1.sm_70.ptx 4804 : 50427 5 0 0 0 0 0 0 0 
bfs.1.sm_70.ptx 5104 : 241 5784 0 241 241 0 0 0 0 
bfs.1.sm_70.ptx 4695 : 512 4064 0 0 0 0 0 0 0 
bfs.1.sm_70.ptx 4905 : 15137 136233 0 0 0 0 0 0 0 
bfs.1.sm_70.ptx 4706 : 512 6368 0 0 0 0 0 0 0 
bfs.1.sm_70.ptx 5115 : 241 2169 0 0 0 0 0 0 0 
bfs.1.sm_70.ptx 4803 : 50427 302562 0 0 0 0 0 0 0 
bfs.1.sm_70.ptx 5212 : 240 1200 0 0 0 0 0 0 0 
bfs.1.sm_70.ptx 5103 : 241 5784 0 241 241 0 0 0 0 
bfs.1.sm_70.ptx 4694 : 512 4256 0 0 0 0 0 0 0 
bfs.1.sm_70.ptx 4904 : 15137 90822 0 0 0 0 0 0 0 
bfs.1.sm_70.ptx 4705 : 512 4608 0 0 0 0 0 0 0 
bfs.1.sm_70.ptx 5114 : 241 723 0 241 241 0 0 0 0 
bfs.1.sm_70.ptx 4802 : 50427 1268722 0 1695 1695 0 0 0 0 
bfs.1.sm_70.ptx 5211 : 240 1200 0 0 0 0 0 0 0 
bfs.1.sm_70.ptx 4903 : 15137 151975 0 0 0 0 0 0 0 
bfs.1.sm_70.ptx 4704 : 512 4736 0 0 0 0 0 0 0 
bfs.1.sm_70.ptx 5113 : 241 2169 0 0 0 0 0 0 0 
bfs.1.sm_70.ptx 5101 : 241 723 0 0 0 241 241 0 0 
bfs.1.sm_70.ptx 4692 : 512 3424 0 0 0 0 0 0 0 
bfs.1.sm_70.ptx 4703 : 512 6432 0 0 0 0 0 0 0 
bfs.1.sm_70.ptx 5112 : 241 5784 0 241 241 0 0 0 0 
bfs.1.sm_70.ptx 4800 : 123392 369657 0 0 0 0 0 0 232 
bfs.1.sm_70.ptx 4702 : 512 4640 0 0 0 0 0 0 0 
bfs.1.sm_70.ptx 5111 : 241 5784 0 241 241 0 0 0 0 
bfs.1.sm_70.ptx 4799 : 123392 740352 0 0 0 0 0 0 0 
bfs.1.sm_70.ptx 5208 : 240 1200 0 0 0 0 0 0 0 
bfs.1.sm_70.ptx 5099 : 241 2169 0 0 0 0 0 0 0 
bfs.1.sm_70.ptx 4701 : 512 4352 0 0 0 0 0 0 0 
bfs.1.sm_70.ptx 4798 : 123392 620128 0 0 0 0 0 0 0 
bfs.1.sm_70.ptx 5207 : 122880 625200 0 0 0 0 0 0 240 
bfs.1.sm_70.ptx 5098 : 241 1446 0 0 0 0 0 0 0 
bfs.1.sm_70.ptx 4700 : 512 4704 0 0 0 0 0 0 0 
bfs.1.sm_70.ptx 5109 : 241 723 0 0 0 241 241 0 0 
bfs.1.sm_70.ptx 4889 : 15137 90822 0 0 0 0 0 0 0 
bfs.1.sm_70.ptx 5088 : 123392 638880 0 0 0 0 0 0 0 
bfs.1.sm_70.ptx 4679 : 512 8096 0 0 0 0 0 0 0 
bfs.1.sm_70.ptx 5097 : 241 1205 0 0 0 0 0 0 0 
bfs.1.sm_70.ptx 4688 : 1 3 0 1 1 0 0 0 0 
bfs.1.sm_70.ptx 4699 : 512 5920 0 0 0 0 0 0 0 
bfs.1.sm_70.ptx 4888 : 15137 2944616 0 0 0 14753 1676 0 0 
bfs.1.sm_70.ptx 5087 : 123392 740352 0 0 0 0 0 0 0 
bfs.1.sm_70.ptx 4678 : 512 8192 0 0 0 0 0 0 0 
bfs.1.sm_70.ptx 5096 : 241 723 0 241 241 0 0 0 0 
bfs.1.sm_70.ptx 4687 : 1 6 0 0 0 0 0 0 0 
bfs.1.sm_70.ptx 4698 : 512 4800 0 0 0 0 0 0 0 
bfs.1.sm_70.ptx 5107 : 241 2169 0 0 0 0 0 0 0 
bfs.1.sm_70.ptx 5095 : 241 5784 0 241 241 0 0 0 0 
bfs.1.sm_70.ptx 4697 : 512 5696 0 0 0 0 0 0 0 
bfs.1.sm_70.ptx 5106 : 241 723 0 241 241 0 0 0 0 
bfs.1.sm_70.ptx 4794 : 1928 5784 0 0 0 241 241 0 0 
bfs.1.sm_70.ptx 4880 : 32454 292086 0 0 0 0 0 0 0 
bfs.1.sm_70.ptx 4681 : 512 3136 0 0 0 0 0 0 0 
bfs.1.sm_70.ptx 5090 : 241 1228 0 0 0 0 0 0 0 
bfs.1.sm_70.ptx 4879 : 32454 194743 0 0 0 0 0 0 0 
bfs.1.sm_70.ptx 4680 : 512 12992 0 0 0 0 0 0 0 
bfs.1.sm_70.ptx 5089 : 123392 623423 0 0 0 0 0 0 241 
bfs.1.sm_70.ptx 4777 : 241 15906 0 0 0 0 0 0 0 
bfs.1.sm_70.ptx 5186 : 50426 331979 0 0 0 0 0 0 0 
bfs.1.sm_70.ptx 4878 : 32454 292086 0 0 0 0 0 0 0 
bfs.1.sm_70.ptx 4877 : 32454 9959841 0 0 0 0 0 0 0 
bfs.1.sm_70.ptx 4775 : 241 1205 0 0 0 0 0 0 0 
bfs.1.sm_70.ptx 5184 : 50426 312108 0 0 0 0 0 0 0 
bfs.1.sm_70.ptx 4677 : 512 8192 0 0 0 0 0 0 0 
bfs.1.sm_70.ptx 4774 : 241 1205 0 0 0 0 0 0 0 
bfs.1.sm_70.ptx 5183 : 50426 324111 0 0 0 0 0 0 0 
bfs.1.sm_70.ptx 4676 : 512 8192 0 0 0 0 0 0 0 
bfs.1.sm_70.ptx 4874 : 11126 114538 0 3285 1662 0 0 0 0 
bfs.1.sm_70.ptx 4675 : 512 8192 0 0 0 0 0 0 0 
bfs.1.sm_70.ptx 5084 : 7954 0 0 0 0 0 0 0 0 
bfs.1.sm_70.ptx 4772 : 241 723 0 0 0 0 0 0 0 
bfs.1.sm_70.ptx 5181 : 50426 462518 0 0 0 0 0 0 0 
bfs.1.sm_70.ptx 4873 : 11126 100134 0 0 0 0 0 0 0 
bfs.1.sm_70.ptx 4674 : 512 8000 0 0 0 0 0 0 0 
bfs.1.sm_70.ptx 5083 : 7954 47724 0 0 0 0 0 0 0 
bfs.1.sm_70.ptx 4919 : 41947 149495 0 0 0 0 0 0 1665 
bfs.1.sm_70.ptx 4720 : 512 4608 0 0 0 0 0 0 0 
bfs.1.sm_70.ptx 5129 : 241 2169 0 0 0 0 0 0 0 
bfs.1.sm_70.ptx 4872 : 11126 66764 0 0 0 0 0 0 0 
bfs.1.sm_70.ptx 4673 : 512 6496 0 0 0 0 0 0 0 
bfs.1.sm_70.ptx 5082 : 7954 71586 0 0 0 0 0 0 0 
bfs.1.sm_70.ptx 5094 : 241 723 0 241 241 0 0 0 0 
bfs.1.sm_70.ptx 4685 : 512 3450 0 0 0 0 0 0 1 
bfs.1.sm_70.ptx 4895 : 15137 75685 0 0 0 0 0 0 0 
bfs.1.sm_70.ptx 4696 : 512 4192 0 0 0 0 0 0 0 
bfs.1.sm_70.ptx 5105 : 241 2169 0 0 0 0 0 0 0 
bfs.1.sm_70.ptx 4918 : 41947 251682 0 0 0 0 0 0 0 
bfs.1.sm_70.ptx 4719 : 512 5952 0 0 0 0 0 0 0 
bfs.1.sm_70.ptx 5128 : 241 5784 0 241 241 0 0 0 0 
bfs.1.sm_70.ptx 4871 : 11126 111679 0 0 0 0 0 0 0 
bfs.1.sm_70.ptx 4672 : 512 5760 0 0 0 0 0 0 0 
bfs.1.sm_70.ptx 4769 : 241 723 0 0 0 241 241 0 0 
bfs.1.sm_70.ptx 5178 : 50426 1954298 0 2034 2034 0 0 0 0 
bfs.1.sm_70.ptx 5093 : 241 1219 0 0 0 0 0 0 0 
bfs.1.sm_70.ptx 4684 : 512 3072 0 0 0 0 0 0 0 
bfs.1.sm_70.ptx 4894 : 15137 0 0 0 0 0 0 0 0 
bfs.1.sm_70.ptx 4792 : 1928 5784 0 241 241 0 0 0 0 
bfs.1.sm_70.ptx 5201 : 122880 659264 0 0 0 0 0 0 0 
bfs.1.sm_70.ptx 4881 : 32454 292691 0 0 0 0 0 0 0 
bfs.1.sm_70.ptx 4682 : 512 3072 0 0 0 0 0 0 0 
bfs.1.sm_70.ptx 4882 : 32454 7033820 0 0 0 30546 1687 0 0 
bfs.1.sm_70.ptx 4683 : 512 3072 0 0 0 0 0 0 0 
bfs.1.sm_70.ptx 4780 : 241 15906 0 0 0 0 0 0 0 
bfs.1.sm_70.ptx 5189 : 50426 492186 0 0 0 0 0 0 0 
bfs.1.sm_70.ptx 4883 : 32454 194740 0 0 0 0 0 0 0 
bfs.1.sm_70.ptx 4884 : 32454 86585 0 0 0 0 0 0 1662 
bfs.1.sm_70.ptx 4886 : 15137 90822 0 0 0 0 0 0 0 
bfs.1.sm_70.ptx 4784 : 123392 746112 0 0 0 0 0 0 0 
bfs.1.sm_70.ptx 5193 : 50426 2986373 0 2034 2034 0 0 0 0 
bfs.1.sm_70.ptx 4890 : 15137 0 0 0 0 0 0 0 0 
bfs.1.sm_70.ptx 4691 : 512 3264 0 0 0 0 0 0 0 
bfs.1.sm_70.ptx 4892 : 15137 550914 0 1676 1676 0 0 0 0 
bfs.1.sm_70.ptx 4693 : 512 6240 0 0 0 0 0 0 0 
bfs.1.sm_70.ptx 4790 : 1928 9640 0 0 0 0 0 0 0 
bfs.1.sm_70.ptx 4887 : 15137 136233 0 0 0 0 0 0 0 
bfs.1.sm_70.ptx 4785 : 123392 664448 0 0 0 0 0 0 0 
bfs.1.sm_70.ptx 5194 : 50426 687510 0 0 0 0 0 0 0 
bfs.1.sm_70.ptx 4893 : 15137 90822 0 0 0 0 0 0 0 
bfs.1.sm_70.ptx 4791 : 1928 5784 0 241 241 0 0 0 0 
bfs.1.sm_70.ptx 5200 : 122880 756768 0 0 0 0 0 0 0 
bfs.1.sm_70.ptx 4721 : 512 4448 0 0 0 0 0 0 0 
bfs.1.sm_70.ptx 5130 : 241 723 0 241 241 0 0 0 0 
bfs.1.sm_70.ptx 4921 : 12048 72288 0 0 0 0 0 0 0 
bfs.1.sm_70.ptx 4722 : 512 5792 0 0 0 0 0 0 0 
bfs.1.sm_70.ptx 5131 : 241 2169 0 0 0 0 0 0 0 
bfs.1.sm_70.ptx 4922 : 12048 108432 0 0 0 0 0 0 0 
bfs.1.sm_70.ptx 4723 : 512 4928 0 0 0 0 0 0 0 
bfs.1.sm_70.ptx 4923 : 12048 2220950 0 0 0 11819 1669 0 0 
bfs.1.sm_70.ptx 4724 : 512 5888 0 0 0 0 0 0 0 
bfs.1.sm_70.ptx 5133 : 241 723 0 0 0 241 241 0 0 
bfs.1.sm_70.ptx 4924 : 12048 72678 0 0 0 0 0 0 0 
bfs.1.sm_70.ptx 4725 : 512 4704 0 0 0 0 0 0 0 
bfs.1.sm_70.ptx 4925 : 12048 0 0 0 0 0 0 0 0 
bfs.1.sm_70.ptx 4726 : 512 5824 0 0 0 0 0 0 0 
bfs.1.sm_70.ptx 5135 : 241 5784 0 241 241 0 0 0 0 
bfs.1.sm_70.ptx 4727 : 512 5984 0 0 0 0 0 0 0 
bfs.1.sm_70.ptx 5136 : 241 5784 0 241 241 0 0 0 0 
bfs.1.sm_70.ptx 4927 : 12048 318681 0 1669 1669 0 0 0 0 
bfs.1.sm_70.ptx 4728 : 512 4320 0 0 0 0 0 0 0 
bfs.1.sm_70.ptx 5137 : 241 2169 0 0 0 0 0 0 0 
bfs.1.sm_70.ptx 4928 : 12048 72288 0 0 0 0 0 0 0 
bfs.1.sm_70.ptx 4729 : 512 4512 0 0 0 0 0 0 0 
bfs.1.sm_70.ptx 5138 : 241 723 0 241 241 0 0 0 0 
bfs.1.sm_70.ptx 4929 : 12048 0 0 0 0 0 0 0 0 
bfs.1.sm_70.ptx 4730 : 512 5824 0 0 0 0 0 0 0 
bfs.1.sm_70.ptx 5139 : 241 2169 0 0 0 0 0 0 0 
bfs.1.sm_70.ptx 4930 : 12048 60240 0 0 0 0 0 0 0 
bfs.1.sm_70.ptx 4731 : 512 4064 0 0 0 0 0 0 0 
bfs.1.sm_70.ptx 4732 : 512 4544 0 0 0 0 0 0 0 
bfs.1.sm_70.ptx 5141 : 241 723 0 0 0 241 241 0 0 
bfs.1.sm_70.ptx 4733 : 512 5728 0 0 0 0 0 0 0 
bfs.1.sm_70.ptx 4734 : 512 4320 0 0 0 0 0 0 0 
bfs.1.sm_70.ptx 5143 : 241 5784 0 241 241 0 0 0 0 
bfs.1.sm_70.ptx 4735 : 512 5760 0 0 0 0 0 0 0 
bfs.1.sm_70.ptx 5144 : 241 5784 0 241 241 0 0 0 0 
bfs.1.sm_70.ptx 4736 : 512 4096 0 0 0 0 0 0 0 
bfs.1.sm_70.ptx 5145 : 241 2169 0 0 0 0 0 0 0 
bfs.1.sm_70.ptx 4737 : 512 4416 0 0 0 0 0 0 0 
bfs.1.sm_70.ptx 5146 : 241 723 0 241 241 0 0 0 0 
bfs.1.sm_70.ptx 4738 : 512 5440 0 0 0 0 0 0 0 
bfs.1.sm_70.ptx 5147 : 241 2169 0 0 0 0 0 0 0 
bfs.1.sm_70.ptx 4938 : 12048 120771 0 0 0 0 0 0 0 
bfs.1.sm_70.ptx 4739 : 512 4192 0 0 0 0 0 0 0 
bfs.1.sm_70.ptx 4939 : 12048 72288 0 0 0 0 0 0 0 
bfs.1.sm_70.ptx 4740 : 512 5664 0 0 0 0 0 0 0 
bfs.1.sm_70.ptx 5149 : 241 723 0 0 0 241 241 0 0 
bfs.1.sm_70.ptx 4940 : 12048 108432 0 0 0 0 0 0 0 
bfs.1.sm_70.ptx 4741 : 512 4128 0 0 0 0 0 0 0 
bfs.1.sm_70.ptx 4941 : 12048 63817 0 2605 1669 0 0 0 0 
bfs.1.sm_70.ptx 4742 : 512 3904 0 0 0 0 0 0 0 
bfs.1.sm_70.ptx 5151 : 241 5784 0 241 241 0 0 0 0 
bfs.1.sm_70.ptx 5158 : 123392 622720 0 0 0 0 0 0 0 
bfs.1.sm_70.ptx 4749 : 122880 1403424 0 0 0 0 0 0 0 
bfs.1.sm_70.ptx 4760 : 123392 757504 0 0 0 0 0 0 0 
bfs.1.sm_70.ptx 5169 : 122880 763744 0 0 0 0 0 0 0 
bfs.1.sm_70.ptx 4761 : 123392 673897 0 0 0 0 0 0 241 
bfs.1.sm_70.ptx 5170 : 122880 765792 0 0 0 0 0 0 0 
bfs.1.sm_70.ptx 4763 : 241 1211 0 0 0 0 0 0 0 
bfs.1.sm_70.ptx 4765 : 241 723 0 0 0 241 241 0 0 
bfs.1.sm_70.ptx 5174 : 50426 536564 0 0 0 0 0 0 0 
bfs.1.sm_70.ptx 4767 : 241 1206 0 0 0 0 0 0 0 
bfs.1.sm_70.ptx 5176 : 50426 504175 0 0 0 0 0 0 0 
bfs.1.sm_70.ptx 4786 : 123392 611768 0 0 0 0 0 0 241 
bfs.1.sm_70.ptx 5195 : 50426 2286858 0 2034 2034 0 0 0 0 
bfs.1.sm_70.ptx 4787 : 1928 9864 0 0 0 0 0 0 0 
bfs.1.sm_70.ptx 5196 : 50426 317476 0 0 0 0 0 0 0 
bfs.1.sm_70.ptx 5152 : 241 5784 0 241 241 0 0 0 0 
bfs.1.sm_70.ptx 5153 : 241 2169 0 0 0 0 0 0 0 
bfs.1.sm_70.ptx 5154 : 241 723 0 241 241 0 0 0 0 
bfs.1.sm_70.ptx 5155 : 241 723 0 0 0 241 241 0 0 
bfs.1.sm_70.ptx 4746 : 122880 1094432 0 0 0 0 0 0 0 
bfs.1.sm_70.ptx 5159 : 123392 3626368 0 3856 3856 0 0 0 0 
bfs.1.sm_70.ptx 5160 : 123392 740352 0 0 0 0 0 0 0 
bfs.1.sm_70.ptx 5161 : 123392 0 0 0 0 0 0 0 0 
bfs.1.sm_70.ptx 4752 : 122880 1493792 0 0 0 0 0 0 0 
bfs.1.sm_70.ptx 5163 : 123392 740352 0 0 0 0 0 0 0 
bfs.1.sm_70.ptx 4754 : 122880 1453760 0 0 0 0 0 0 0 
bfs.1.sm_70.ptx 5164 : 123392 3095904 0 3856 3856 0 0 0 0 
bfs.1.sm_70.ptx 4755 : 122880 864544 0 0 0 0 0 0 0 
bfs.1.sm_70.ptx 5165 : 123392 619552 0 0 0 0 0 0 0 
bfs.1.sm_70.ptx 4756 : 122880 804000 0 0 0 0 0 0 0 
bfs.1.sm_70.ptx 5171 : 122880 421532 0 0 0 0 0 0 876 
bfs.1.sm_70.ptx 5175 : 50426 330135 0 0 0 0 0 0 0 
bfs.1.sm_70.ptx 5177 : 50426 1871962 0 7037 2034 0 0 0 0 
bfs.1.sm_70.ptx 5179 : 50426 467851 0 0 0 0 0 0 0 
bfs.1.sm_70.ptx 5180 : 50426 306261 0 0 0 0 0 0 0 
bfs.1.sm_70.ptx 5182 : 50426 485589 0 5233 2034 0 0 0 0 
bfs.1.sm_70.ptx 5185 : 50426 467327 0 0 0 0 0 0 0 
bfs.1.sm_70.ptx 5187 : 50426 278747 0 0 0 0 0 0 0 
bfs.1.sm_70.ptx 5188 : 50426 340489 0 0 0 0 0 0 0 
bfs.1.sm_70.ptx 5191 : 50426 1867462 0 0 0 17214 2034 0 0 
bfs.1.sm_70.ptx 5197 : 50426 818 0 0 0 0 0 0 24 
bfs.1.sm_70.ptx 5202 : 122880 3911296 0 3840 3840 0 0 0 0 
bfs.1.sm_70.ptx 5204 : 122880 1543072 0 0 0 0 0 0 0 
bfs.1.sm_70.ptx 5206 : 122880 614400 0 0 0 0 0 0 0 
bfs.1.sm_70.ptx 5219 : 122880 761472 0 0 0 0 0 0 0 
bfs.1.sm_70.ptx 5221 : 122880 759520 0 0 0 0 0 0 0 
bfs.1.sm_70.ptx 4812 : 50426 1224328 0 1694 1694 0 0 0 0 
bfs.1.sm_70.ptx 5222 : 122880 689408 0 0 0 0 0 0 0 
bfs.1.sm_70.ptx 5214 : 240 1269 0 0 0 0 0 0 0 
bfs.1.sm_70.ptx 4805 : 50426 252194 0 0 0 0 0 0 0 
bfs.1.sm_70.ptx 5252 : 122880 737280 0 0 0 0 0 0 0 
bfs.1.sm_70.ptx 5234 : 240 1210 0 0 0 0 0 0 0 
bfs.1.sm_70.ptx 5253 : 122880 835056 0 0 0 0 0 0 240 
bfs.1.sm_70.ptx 4757 : 122880 754208 0 0 0 0 0 0 0 
bfs.1.sm_70.ptx 5166 : 512 2560 0 0 0 0 0 0 0 
bfs.1.sm_70.ptx 5248 : 240 15840 0 0 0 0 0 0 0 
bfs.1.sm_70.ptx 5262 : 240 1200 0 0 0 0 0 0 0 
bfs.1.sm_70.ptx 4951 : 7954 1963468 0 0 0 0 0 0 0 
bfs.1.sm_70.ptx 4952 : 7954 71586 0 0 0 0 0 0 0 
bfs.1.sm_70.ptx 4953 : 7954 47724 0 0 0 0 0 0 0 
bfs.1.sm_70.ptx 4954 : 7954 71589 0 0 0 0 0 0 0 
bfs.1.sm_70.ptx 4955 : 7954 71717 0 0 0 0 0 0 0 
bfs.1.sm_70.ptx 4956 : 7954 1431197 0 0 0 7770 1602 0 0 
bfs.1.sm_70.ptx 4957 : 7954 47724 0 0 0 0 0 0 0 
bfs.1.sm_70.ptx 4958 : 7954 24190 0 0 0 0 0 0 1214 
bfs.1.sm_70.ptx 4960 : 3116 18699 0 0 0 0 0 0 0 
bfs.1.sm_70.ptx 4961 : 3116 28044 0 0 0 0 0 0 0 
bfs.1.sm_70.ptx 4962 : 3116 545646 0 0 0 3091 1346 0 0 
bfs.1.sm_70.ptx 4963 : 3116 18696 0 0 0 0 0 0 0 
bfs.1.sm_70.ptx 4964 : 3116 0 0 0 0 0 0 0 0 
bfs.1.sm_70.ptx 4966 : 3116 74985 0 1346 1346 0 0 0 0 
bfs.1.sm_70.ptx 4967 : 3116 18696 0 0 0 0 0 0 0 
bfs.1.sm_70.ptx 4968 : 3116 0 0 0 0 0 0 0 0 
bfs.1.sm_70.ptx 4969 : 3116 15581 0 0 0 0 0 0 0 
bfs.1.sm_70.ptx 4977 : 3116 31286 0 0 0 0 0 0 0 
bfs.1.sm_70.ptx 4978 : 3116 18696 0 0 0 0 0 0 0 
bfs.1.sm_70.ptx 4979 : 3116 28044 0 0 0 0 0 0 0 
bfs.1.sm_70.ptx 4980 : 3116 13006 0 1419 1346 0 0 0 0 
bfs.1.sm_70.ptx 4983 : 7954 71586 0 0 0 0 0 0 0 
bfs.1.sm_70.ptx 4984 : 7954 824014 0 0 0 0 0 0 0 
bfs.1.sm_70.ptx 4985 : 7954 71879 0 0 0 0 0 0 0 
bfs.1.sm_70.ptx 4986 : 7954 47728 0 0 0 0 0 0 0 
bfs.1.sm_70.ptx 4987 : 7954 71593 0 0 0 0 0 0 0 
bfs.1.sm_70.ptx 4988 : 7954 72028 0 0 0 0 0 0 0 
bfs.1.sm_70.ptx 4989 : 7954 1434288 0 0 0 7750 1602 0 0 
bfs.1.sm_70.ptx 4990 : 7954 47724 0 0 0 0 0 0 0 
bfs.1.sm_70.ptx 4991 : 7954 21161 0 0 0 0 0 0 1244 
bfs.1.sm_70.ptx 4993 : 3722 22332 0 0 0 0 0 0 0 
bfs.1.sm_70.ptx 4994 : 3722 33498 0 0 0 0 0 0 0 
bfs.1.sm_70.ptx 4995 : 3722 656505 0 0 0 3690 1429 0 0 
bfs.1.sm_70.ptx 4996 : 3722 22332 0 0 0 0 0 0 0 
bfs.1.sm_70.ptx 4997 : 3722 0 0 0 0 0 0 0 0 
bfs.1.sm_70.ptx 4999 : 3722 91045 0 1429 1429 0 0 0 0 
bfs.1.sm_70.ptx 5000 : 3722 22332 0 0 0 0 0 0 0 
bfs.1.sm_70.ptx 5001 : 3722 0 0 0 0 0 0 0 0 
bfs.1.sm_70.ptx 5002 : 3722 18612 0 0 0 0 0 0 0 
bfs.1.sm_70.ptx 5010 : 3722 37375 0 0 0 0 0 0 0 
bfs.1.sm_70.ptx 5011 : 3722 22334 0 0 0 0 0 0 0 
bfs.1.sm_70.ptx 5012 : 3722 33499 0 0 0 0 0 0 0 
bfs.1.sm_70.ptx 5013 : 3722 17291 0 1546 1429 0 0 0 0 
bfs.1.sm_70.ptx 5016 : 7954 71586 0 0 0 0 0 0 0 
bfs.1.sm_70.ptx 5017 : 7954 658793 0 0 0 0 0 0 0 
bfs.1.sm_70.ptx 5018 : 7954 71586 0 0 0 0 0 0 0 
bfs.1.sm_70.ptx 5019 : 7954 47734 0 0 0 0 0 0 0 
bfs.1.sm_70.ptx 5020 : 7954 71586 0 0 0 0 0 0 0 
bfs.1.sm_70.ptx 5021 : 7954 72022 0 0 0 0 0 0 0 
bfs.1.sm_70.ptx 5022 : 7954 1431835 0 0 0 7771 1602 0 0 
bfs.1.sm_70.ptx 5023 : 7954 47724 0 0 0 0 0 0 0 
bfs.1.sm_70.ptx 5024 : 7954 23065 0 0 0 0 0 0 1220 
bfs.1.sm_70.ptx 5049 : 7954 71586 0 0 0 0 0 0 0 
bfs.1.sm_70.ptx 5050 : 7954 593331 0 0 0 0 0 0 0 
bfs.1.sm_70.ptx 5051 : 7954 71586 0 0 0 0 0 0 0 
bfs.1.sm_70.ptx 5052 : 7954 47724 0 0 0 0 0 0 0 
bfs.1.sm_70.ptx 5053 : 7954 71586 0 0 0 0 0 0 0 
bfs.1.sm_70.ptx 5054 : 7954 71792 0 0 0 0 0 0 0 
bfs.1.sm_70.ptx 5055 : 7954 1424504 0 0 0 7779 1602 0 0 
bfs.1.sm_70.ptx 5056 : 7954 47728 0 0 0 0 0 0 0 
bfs.1.sm_70.ptx 5057 : 7954 27485 0 0 0 0 0 0 1163 
bfs.1.sm_70.ptx 5059 : 2457 14742 0 0 0 0 0 0 0 
bfs.1.sm_70.ptx 5060 : 2457 22113 0 0 0 0 0 0 0 
bfs.1.sm_70.ptx 5061 : 2457 426335 0 0 0 2446 1272 0 0 
bfs.1.sm_70.ptx 5062 : 2457 14800 0 0 0 0 0 0 0 
bfs.1.sm_70.ptx 5063 : 2457 0 0 0 0 0 0 0 0 
bfs.1.sm_70.ptx 5065 : 2457 57677 0 1272 1272 0 0 0 0 
bfs.1.sm_70.ptx 5066 : 2457 14742 0 0 0 0 0 0 0 
bfs.1.sm_70.ptx 5067 : 2457 0 0 0 0 0 0 0 0 
bfs.1.sm_70.ptx 5068 : 2457 12285 0 0 0 0 0 0 0 
bfs.1.sm_70.ptx 5076 : 2457 24585 0 0 0 0 0 0 0 
bfs.1.sm_70.ptx 5077 : 2457 14742 0 0 0 0 0 0 0 
bfs.1.sm_70.ptx 5078 : 2457 22113 0 0 0 0 0 0 0 
bfs.1.sm_70.ptx 5079 : 2457 8260 0 1322 1272 0 0 0 0 
bfs.1.sm_70.ptx 4841 : 8353 50548 0 0 0 0 0 0 0 
bfs.1.sm_70.ptx 4842 : 8353 42077 0 0 0 0 0 0 0 
bfs.1.sm_70.ptx 5026 : 3341 20046 0 0 0 0 0 0 0 
bfs.1.sm_70.ptx 5027 : 3341 30069 0 0 0 0 0 0 0 
bfs.1.sm_70.ptx 5028 : 3341 587793 0 0 0 3310 1386 0 0 
bfs.1.sm_70.ptx 5029 : 3341 20046 0 0 0 0 0 0 0 
bfs.1.sm_70.ptx 5030 : 3341 0 0 0 0 0 0 0 0 
bfs.1.sm_70.ptx 5032 : 3341 82199 0 1386 1386 0 0 0 0 
bfs.1.sm_70.ptx 5033 : 3341 20046 0 0 0 0 0 0 0 
bfs.1.sm_70.ptx 5034 : 3341 0 0 0 0 0 0 0 0 
bfs.1.sm_70.ptx 5035 : 3341 16710 0 0 0 0 0 0 0 
bfs.1.sm_70.ptx 5043 : 3341 33475 0 0 0 0 0 0 0 
bfs.1.sm_70.ptx 5044 : 3341 20062 0 0 0 0 0 0 0 
bfs.1.sm_70.ptx 5045 : 3341 30069 0 0 0 0 0 0 0 
bfs.1.sm_70.ptx 5046 : 3341 15777 0 1487 1386 0 0 0 0 
bfs.1.sm_70.ptx 5273 : 521 6326 0 0 0 0 0 0 0 
bfs.1.sm_70.ptx 5274 : 521 4210 0 0 0 0 0 0 0 
