kernel line : count latency dram_traffic smem_bk_conflicts smem_warp gmem_access_generated gmem_warp exposed_latency warp_divergence
histo.1.sm_70.ptx 6452 : 43008 215040 0 0 0 0 0 0 0 
histo.1.sm_70.ptx 6396 : 8192 0 0 0 0 0 0 0 0 
histo.1.sm_70.ptx 6395 : 8192 50912 0 0 0 0 0 0 0 
histo.1.sm_70.ptx 6394 : 8192 73728 0 0 0 0 0 0 0 
histo.1.sm_70.ptx 6392 : 8192 864608 0 0 0 0 0 0 0 
histo.1.sm_70.ptx 6389 : 8192 862368 0 0 0 0 0 0 0 
histo.1.sm_70.ptx 6387 : 8192 40960 0 0 0 0 0 0 0 
histo.1.sm_70.ptx 6386 : 8192 41120 0 0 0 0 0 0 0 
histo.1.sm_70.ptx 6384 : 8192 256608 0 0 0 0 0 0 0 
histo.1.sm_70.ptx 6381 : 8192 251392 0 0 0 1024 256 0 0 
histo.1.sm_70.ptx 6379 : 8192 41088 0 0 0 0 0 0 0 
histo.1.sm_70.ptx 6378 : 8192 73728 0 0 0 0 0 0 0 
histo.1.sm_70.ptx 6377 : 8192 222368 0 0 0 1024 256 0 0 
histo.1.sm_70.ptx 6376 : 8192 73728 0 0 0 0 0 0 0 
histo.1.sm_70.ptx 6375 : 8192 73728 0 0 0 0 0 0 0 
histo.1.sm_70.ptx 6374 : 8192 49536 0 0 0 0 0 0 0 
histo.1.sm_70.ptx 6373 : 8192 40992 0 0 0 0 0 0 0 
histo.1.sm_70.ptx 6372 : 8192 49280 0 0 0 0 0 0 0 
histo.1.sm_70.ptx 6371 : 8192 40992 0 0 0 0 0 0 0 
histo.1.sm_70.ptx 6370 : 8192 49440 0 0 0 0 0 0 0 
histo.1.sm_70.ptx 6369 : 8192 40992 0 0 0 0 0 0 0 
histo.1.sm_70.ptx 6368 : 8192 147488 0 0 0 0 0 0 0 
histo.1.sm_70.ptx 6367 : 8192 2011456 0 0 0 4096 256 0 0 
histo.1.sm_70.ptx 6366 : 8192 149024 0 0 0 0 0 0 0 
histo.1.sm_70.ptx 6365 : 8192 1849888 0 0 0 4096 256 0 0 
histo.1.sm_70.ptx 6364 : 8192 148288 0 0 0 0 0 0 0 
histo.1.sm_70.ptx 6363 : 8192 1908928 0 0 0 4096 256 0 0 
histo.1.sm_70.ptx 6362 : 8192 147456 0 0 0 0 0 0 0 
histo.1.sm_70.ptx 6449 : 503808 2309312 0 0 0 0 0 0 0 
histo.1.sm_70.ptx 6448 : 503808 3029760 0 0 0 0 0 0 0 
histo.1.sm_70.ptx 6447 : 503808 4544096 0 0 0 0 0 0 0 
histo.1.sm_70.ptx 6361 : 8192 41600 0 0 0 0 0 0 0 
histo.1.sm_70.ptx 6360 : 8192 15334432 131072 0 0 4096 256 0 0 
histo.1.sm_70.ptx 6359 : 8192 73728 0 0 0 0 0 0 0 
histo.1.sm_70.ptx 6358 : 8192 73728 0 0 0 0 0 0 0 
histo.1.sm_70.ptx 6357 : 8192 73728 0 0 0 0 0 0 0 
histo.1.sm_70.ptx 6356 : 8192 73728 0 0 0 0 0 0 0 
histo.1.sm_70.ptx 6355 : 8192 73728 0 0 0 0 0 0 0 
histo.1.sm_70.ptx 6354 : 8192 73728 0 0 0 0 0 0 0 
histo.1.sm_70.ptx 6353 : 8192 73728 0 0 0 0 0 0 0 
histo.1.sm_70.ptx 6352 : 8192 73728 0 0 0 0 0 0 0 
histo.1.sm_70.ptx 6351 : 8192 73728 0 0 0 0 0 0 0 
histo.1.sm_70.ptx 6350 : 8192 73728 0 0 0 0 0 0 0 
histo.1.sm_70.ptx 6349 : 8192 73728 0 0 0 0 0 0 0 
histo.1.sm_70.ptx 6348 : 8192 49184 0 0 0 0 0 0 0 
histo.1.sm_70.ptx 6345 : 8192 73728 0 0 0 0 0 0 0 
histo.1.sm_70.ptx 6344 : 8192 40992 0 0 0 0 0 0 0 
histo.1.sm_70.ptx 6343 : 8192 49152 0 0 0 0 0 0 0 
histo.1.sm_70.ptx 6333 : 12288 0 0 0 0 0 0 0 0 
histo.1.sm_70.ptx 6332 : 12288 77472 0 0 0 0 0 0 0 
histo.1.sm_70.ptx 6331 : 12288 119712 0 0 0 0 0 0 0 
histo.1.sm_70.ptx 6445 : 503808 46384896 0 0 0 0 0 0 0 
histo.1.sm_70.ptx 6442 : 503808 46584096 0 0 0 0 0 0 0 
histo.1.sm_70.ptx 6440 : 503808 2572896 0 0 0 0 0 0 0 
histo.1.sm_70.ptx 6439 : 503808 3101184 0 0 0 0 0 0 0 
histo.1.sm_70.ptx 6329 : 12288 3223968 0 0 0 0 0 0 0 
histo.1.sm_70.ptx 6326 : 12288 3226592 0 0 0 0 0 0 0 
histo.1.sm_70.ptx 6324 : 12288 71808 0 0 0 0 0 0 0 
histo.1.sm_70.ptx 6323 : 12288 299040 0 0 0 0 0 0 0 
histo.1.sm_70.ptx 6437 : 503808 13112512 0 0 0 0 0 0 0 
histo.1.sm_70.ptx 6434 : 503808 13083200 0 0 0 62976 15744 0 0 
histo.1.sm_70.ptx 6432 : 503808 4816448 0 0 0 0 0 0 0 
histo.1.sm_70.ptx 6431 : 503808 12428160 0 0 0 62976 15744 0 0 
histo.1.sm_70.ptx 6430 : 503808 4669632 0 0 0 0 0 0 0 
histo.1.sm_70.ptx 6429 : 503808 4557952 0 0 0 0 0 0 0 
histo.1.sm_70.ptx 6428 : 503808 3082368 0 0 0 0 0 0 0 
histo.1.sm_70.ptx 6427 : 503808 2556096 0 0 0 0 0 0 0 
histo.1.sm_70.ptx 6426 : 503808 3094752 0 0 0 0 0 0 0 
histo.1.sm_70.ptx 6425 : 503808 2540864 0 0 0 0 0 0 0 
histo.1.sm_70.ptx 6424 : 503808 3069184 0 0 0 0 0 0 0 
histo.1.sm_70.ptx 6423 : 503808 2548416 0 0 0 0 0 0 0 
histo.1.sm_70.ptx 6422 : 503808 9152320 0 0 0 0 0 0 0 
histo.1.sm_70.ptx 6421 : 503808 3032576 0 0 0 0 0 0 0 
histo.1.sm_70.ptx 6420 : 503808 9141792 0 0 0 0 0 0 0 
histo.1.sm_70.ptx 6419 : 503808 3070240 0 0 0 0 0 0 0 
histo.1.sm_70.ptx 6418 : 503808 9131552 0 0 0 0 0 0 0 
histo.1.sm_70.ptx 6417 : 503808 3067264 0 0 0 0 0 0 0 
histo.1.sm_70.ptx 6416 : 503808 9180096 0 0 0 0 0 0 0 
histo.1.sm_70.ptx 6415 : 503808 2541952 0 0 0 0 0 0 0 
histo.1.sm_70.ptx 6414 : 503808 3124032 0 0 0 0 0 0 0 
histo.1.sm_70.ptx 6321 : 12288 664608 0 0 0 0 0 0 0 
histo.1.sm_70.ptx 6318 : 12288 674112 0 0 0 1536 384 0 0 
histo.1.sm_70.ptx 6316 : 12288 164960 0 0 0 0 0 0 0 
histo.1.sm_70.ptx 6315 : 12288 617280 0 0 0 1536 384 0 0 
histo.1.sm_70.ptx 6314 : 12288 121408 0 0 0 0 0 0 0 
histo.1.sm_70.ptx 6313 : 12288 114368 0 0 0 0 0 0 0 
histo.1.sm_70.ptx 6312 : 12288 84544 0 0 0 0 0 0 0 
histo.1.sm_70.ptx 6311 : 12288 68480 0 0 0 0 0 0 0 
histo.1.sm_70.ptx 6310 : 12288 97760 0 0 0 0 0 0 0 
histo.1.sm_70.ptx 6309 : 12288 71008 0 0 0 0 0 0 0 
histo.1.sm_70.ptx 6308 : 12288 88992 0 0 0 0 0 0 0 
histo.1.sm_70.ptx 6307 : 12288 70944 0 0 0 0 0 0 0 
histo.1.sm_70.ptx 6306 : 12288 243648 0 0 0 0 0 0 0 
histo.1.sm_70.ptx 6305 : 12288 77152 0 0 0 0 0 0 0 
histo.1.sm_70.ptx 6304 : 12288 238208 0 0 0 0 0 0 0 
histo.1.sm_70.ptx 6303 : 12288 84384 0 0 0 0 0 0 0 
histo.1.sm_70.ptx 6302 : 12288 230944 0 0 0 0 0 0 0 
histo.1.sm_70.ptx 6301 : 12288 88192 0 0 0 0 0 0 0 
histo.1.sm_70.ptx 6300 : 12288 253888 0 0 0 0 0 0 0 
histo.1.sm_70.ptx 6299 : 12288 71744 0 0 0 0 0 0 0 
histo.1.sm_70.ptx 6298 : 12288 85472 0 0 0 0 0 0 0 
histo.1.sm_70.ptx 6413 : 503808 2558368 0 0 0 0 0 0 0 
histo.1.sm_70.ptx 6412 : 503808 671123904 4030464 0 0 125952 15744 0 0 
histo.1.sm_70.ptx 6411 : 503808 4584416 0 0 0 0 0 0 0 
histo.1.sm_70.ptx 6410 : 503808 4580896 0 0 0 0 0 0 0 
histo.1.sm_70.ptx 6407 : 43008 447328 0 0 0 0 0 0 0 
histo.1.sm_70.ptx 6406 : 43008 289920 0 0 0 0 0 0 0 
histo.1.sm_70.ptx 6405 : 43008 306720 0 0 0 0 0 0 0 
histo.1.sm_70.ptx 6403 : 43008 0 0 0 0 0 0 0 0 
histo.1.sm_70.ptx 6402 : 43008 300032 0 0 0 0 0 0 0 
histo.1.sm_70.ptx 6401 : 43008 310432 0 0 0 0 0 0 0 
histo.1.sm_70.ptx 6400 : 43008 428352 0 0 0 0 0 0 0 
histo.1.sm_70.ptx 6399 : 43008 425536 0 0 0 0 0 0 0 
histo.1.sm_70.ptx 6297 : 12288 67680 0 0 0 0 0 0 0 
histo.1.sm_70.ptx 6296 : 12288 12079616 98304 0 0 3072 384 0 0 
histo.1.sm_70.ptx 6341 : 43008 239072 0 0 0 0 0 0 0 
histo.1.sm_70.ptx 6340 : 43008 288896 0 0 0 0 0 0 0 
histo.1.sm_70.ptx 6295 : 12288 127040 0 0 0 0 0 0 0 
histo.1.sm_70.ptx 6339 : 43008 293952 0 0 0 0 0 0 0 
histo.1.sm_70.ptx 6294 : 12288 127648 0 0 0 0 0 0 0 
histo.1.sm_70.ptx 6338 : 43008 304000 0 0 0 0 0 0 0 
histo.1.sm_70.ptx 6291 : 12288 91776 0 0 0 0 0 0 0 
histo.1.sm_70.ptx 6290 : 12288 125056 0 0 0 0 0 0 0 
histo.1.sm_70.ptx 6289 : 12288 94272 0 0 0 0 0 0 0 
histo.1.sm_70.ptx 6337 : 43008 441888 0 0 0 0 0 0 0 
histo.1.sm_70.ptx 6288 : 12288 94208 0 0 0 0 0 0 0 
histo.1.sm_70.ptx 6336 : 43008 433920 0 0 0 0 0 0 0 
histo.1.sm_70.ptx 6286 : 43008 227104 0 0 0 0 0 0 0 
histo.1.sm_70.ptx 6285 : 43008 315968 0 0 0 0 0 0 0 
histo.1.sm_70.ptx 6284 : 43008 317024 0 0 0 0 0 0 0 
histo.1.sm_70.ptx 6283 : 43008 310272 0 0 0 0 0 0 0 
histo.1.sm_70.ptx 6282 : 43008 505952 0 0 0 0 0 0 0 
histo.1.sm_70.ptx 6281 : 43008 270016 0 0 0 0 0 0 0 
histo.1.sm_70.ptx 6280 : 43008 273792 0 0 0 0 0 0 0 
histo.1.sm_70.ptx 3470 : 64740 1301814 0 0 0 10140 2080 0 0 
histo.1.sm_70.ptx 3468 : 64740 1036924 0 0 0 10140 2080 0 0 
histo.1.sm_70.ptx 3467 : 64740 388440 0 0 0 0 0 0 0 
histo.1.sm_70.ptx 3466 : 64740 389784 0 0 0 0 0 0 0 
histo.1.sm_70.ptx 3465 : 64740 388440 0 0 0 0 0 0 0 
histo.1.sm_70.ptx 3464 : 64740 388440 0 0 0 0 0 0 0 
histo.1.sm_70.ptx 3463 : 64740 388440 0 0 0 0 0 0 0 
histo.1.sm_70.ptx 3462 : 64740 388440 0 0 0 0 0 0 0 
histo.1.sm_70.ptx 3461 : 64740 388440 0 0 0 0 0 0 0 
histo.1.sm_70.ptx 3460 : 64740 388440 0 0 0 0 0 0 0 
histo.1.sm_70.ptx 3459 : 64740 388440 0 0 0 0 0 0 0 
histo.1.sm_70.ptx 3458 : 64740 582660 0 0 0 0 0 0 0 
histo.1.sm_70.ptx 3457 : 64740 584644 0 0 0 0 0 0 0 
histo.1.sm_70.ptx 3456 : 64740 582660 0 0 0 0 0 0 0 
histo.1.sm_70.ptx 3455 : 64740 582660 0 0 0 0 0 0 0 
histo.1.sm_70.ptx 3453 : 64740 0 0 0 0 0 0 0 0 
histo.1.sm_70.ptx 3452 : 64740 388568 0 0 0 0 0 0 0 
histo.1.sm_70.ptx 3451 : 64740 388440 0 0 0 0 0 0 0 
histo.1.sm_70.ptx 3449 : 64740 4924338 0 0 0 0 0 0 0 
histo.1.sm_70.ptx 3446 : 64740 4914904 0 0 0 0 0 0 0 
histo.1.sm_70.ptx 3443 : 64740 1316498 0 0 0 0 0 0 0 
histo.1.sm_70.ptx 3440 : 64740 1306840 0 0 0 10140 2080 0 0 
histo.1.sm_70.ptx 3438 : 64740 1038388 0 0 0 10140 2080 0 0 
histo.1.sm_70.ptx 3437 : 64740 388440 0 0 0 0 0 0 0 
histo.1.sm_70.ptx 3436 : 64740 388440 0 0 0 0 0 0 0 
histo.1.sm_70.ptx 3435 : 64740 388440 0 0 0 0 0 0 0 
histo.1.sm_70.ptx 3434 : 64740 388440 0 0 0 0 0 0 0 
histo.1.sm_70.ptx 3433 : 64740 388440 0 0 0 0 0 0 0 
histo.1.sm_70.ptx 3432 : 64740 388440 0 0 0 0 0 0 0 
histo.1.sm_70.ptx 3431 : 64740 388440 0 0 0 0 0 0 0 
histo.1.sm_70.ptx 3430 : 64740 388440 0 0 0 0 0 0 0 
histo.1.sm_70.ptx 3429 : 64740 388440 0 0 0 0 0 0 0 
histo.1.sm_70.ptx 3428 : 64740 582660 0 0 0 0 0 0 0 
histo.1.sm_70.ptx 3427 : 64740 582660 0 0 0 0 0 0 0 
histo.1.sm_70.ptx 3426 : 64740 582660 0 0 0 0 0 0 0 
histo.1.sm_70.ptx 3425 : 64740 142438302 515840 0 0 18200 2080 0 0 
histo.1.sm_70.ptx 3424 : 64740 583126 0 0 0 0 0 0 0 
histo.1.sm_70.ptx 3423 : 64740 582852 0 0 0 0 0 0 0 
histo.1.sm_70.ptx 3419 : 64740 4874012 0 0 0 0 0 0 0 
histo.1.sm_70.ptx 3416 : 64740 4866012 0 0 0 0 0 0 0 
histo.1.sm_70.ptx 3413 : 64740 1294984 0 0 0 0 0 0 0 
histo.1.sm_70.ptx 3410 : 64740 1273532 0 0 0 10140 2080 0 0 
histo.1.sm_70.ptx 3408 : 64740 1013474 0 0 0 10140 2080 0 0 
histo.1.sm_70.ptx 3407 : 64740 388440 0 0 0 0 0 0 0 
histo.1.sm_70.ptx 3406 : 64740 388440 0 0 0 0 0 0 0 
histo.1.sm_70.ptx 3405 : 64740 388440 0 0 0 0 0 0 0 
histo.1.sm_70.ptx 3404 : 64740 388440 0 0 0 0 0 0 0 
histo.1.sm_70.ptx 3403 : 64740 388440 0 0 0 0 0 0 0 
histo.1.sm_70.ptx 3402 : 64740 388440 0 0 0 0 0 0 0 
histo.1.sm_70.ptx 3401 : 64740 388440 0 0 0 0 0 0 0 
histo.1.sm_70.ptx 3400 : 64740 388440 0 0 0 0 0 0 0 
histo.1.sm_70.ptx 3399 : 64740 388440 0 0 0 0 0 0 0 
histo.1.sm_70.ptx 3398 : 64740 582660 0 0 0 0 0 0 0 
histo.1.sm_70.ptx 3397 : 64740 582660 0 0 0 0 0 0 0 
histo.1.sm_70.ptx 3396 : 64740 582660 0 0 0 0 0 0 0 
histo.1.sm_70.ptx 3395 : 64740 582756 0 0 0 0 0 0 0 
histo.1.sm_70.ptx 3393 : 64740 0 0 0 0 0 0 0 0 
histo.1.sm_70.ptx 3392 : 64740 388440 0 0 0 0 0 0 0 
histo.1.sm_70.ptx 3391 : 64740 388440 0 0 0 0 0 0 0 
histo.1.sm_70.ptx 3389 : 64740 4966712 0 0 0 0 0 0 0 
histo.1.sm_70.ptx 3386 : 64740 4949862 0 0 0 0 0 0 0 
histo.1.sm_70.ptx 3383 : 64740 1141736 0 0 0 0 0 0 0 
histo.1.sm_70.ptx 3380 : 64740 1123830 0 0 0 8190 2080 0 0 
histo.1.sm_70.ptx 3378 : 64740 920914 0 0 0 8190 2080 0 0 
histo.1.sm_70.ptx 3377 : 64740 388440 0 0 0 0 0 0 0 
histo.1.sm_70.ptx 3376 : 64740 388440 0 0 0 0 0 0 0 
histo.1.sm_70.ptx 3375 : 64740 388440 0 0 0 0 0 0 0 
histo.1.sm_70.ptx 3374 : 64740 388440 0 0 0 0 0 0 0 
histo.1.sm_70.ptx 3373 : 64740 388440 0 0 0 0 0 0 0 
histo.1.sm_70.ptx 3372 : 64740 388440 0 0 0 0 0 0 0 
histo.1.sm_70.ptx 3371 : 64740 388440 0 0 0 0 0 0 0 
histo.1.sm_70.ptx 3370 : 64740 388440 0 0 0 0 0 0 0 
histo.1.sm_70.ptx 3369 : 64740 388440 0 0 0 0 0 0 0 
histo.1.sm_70.ptx 3368 : 64740 582660 0 0 0 0 0 0 0 
histo.1.sm_70.ptx 3367 : 64740 582660 0 0 0 0 0 0 0 
histo.1.sm_70.ptx 3366 : 64740 582660 0 0 0 0 0 0 0 
histo.1.sm_70.ptx 3365 : 64740 138597934 520000 0 0 16250 2080 0 0 
histo.1.sm_70.ptx 3364 : 64740 582660 0 0 0 0 0 0 0 
histo.1.sm_70.ptx 3363 : 64740 582660 0 0 0 0 0 0 0 
histo.1.sm_70.ptx 3359 : 64740 4984476 0 0 0 0 0 0 0 
histo.1.sm_70.ptx 3356 : 64740 4972194 0 0 0 0 0 0 0 
histo.1.sm_70.ptx 3353 : 64740 1447614 0 0 0 0 0 0 0 
histo.1.sm_70.ptx 3350 : 64740 1434078 0 0 0 10140 2080 0 0 
histo.1.sm_70.ptx 3348 : 64740 1174230 0 0 0 10140 2080 0 0 
histo.1.sm_70.ptx 3347 : 64740 388440 0 0 0 0 0 0 0 
histo.1.sm_70.ptx 3346 : 64740 388440 0 0 0 0 0 0 0 
histo.1.sm_70.ptx 3345 : 64740 388440 0 0 0 0 0 0 0 
histo.1.sm_70.ptx 3344 : 64740 388440 0 0 0 0 0 0 0 
histo.1.sm_70.ptx 3343 : 64740 388440 0 0 0 0 0 0 0 
histo.1.sm_70.ptx 3342 : 64740 388440 0 0 0 0 0 0 0 
histo.1.sm_70.ptx 3341 : 64740 388440 0 0 0 0 0 0 0 
histo.1.sm_70.ptx 3340 : 64740 388856 0 0 0 0 0 0 0 
histo.1.sm_70.ptx 3339 : 64740 388440 0 0 0 0 0 0 0 
histo.1.sm_70.ptx 3338 : 64740 582724 0 0 0 0 0 0 0 
histo.1.sm_70.ptx 3337 : 64740 582660 0 0 0 0 0 0 0 
histo.1.sm_70.ptx 3336 : 64740 582660 0 0 0 0 0 0 0 
histo.1.sm_70.ptx 3335 : 64740 582660 0 0 0 0 0 0 0 
histo.1.sm_70.ptx 3333 : 64740 0 0 0 0 0 0 0 0 
histo.1.sm_70.ptx 3332 : 64740 388440 0 0 0 0 0 0 0 
histo.1.sm_70.ptx 3331 : 64740 388440 0 0 0 0 0 0 0 
histo.1.sm_70.ptx 3329 : 64740 5007742 0 0 0 0 0 0 0 
histo.1.sm_70.ptx 3326 : 64740 4994654 0 0 0 0 0 0 0 
histo.1.sm_70.ptx 3323 : 64740 1408344 0 0 0 0 0 0 0 
histo.1.sm_70.ptx 3320 : 64740 1390462 0 0 0 10140 2080 0 0 
histo.1.sm_70.ptx 3318 : 64740 1133700 0 0 0 10140 2080 0 0 
histo.1.sm_70.ptx 3317 : 64740 388440 0 0 0 0 0 0 0 
histo.1.sm_70.ptx 3316 : 64740 388440 0 0 0 0 0 0 0 
histo.1.sm_70.ptx 3315 : 64740 388440 0 0 0 0 0 0 0 
histo.1.sm_70.ptx 3314 : 64740 388440 0 0 0 0 0 0 0 
histo.1.sm_70.ptx 3313 : 64740 388440 0 0 0 0 0 0 0 
histo.1.sm_70.ptx 3312 : 64740 388440 0 0 0 0 0 0 0 
histo.1.sm_70.ptx 3311 : 64740 388440 0 0 0 0 0 0 0 
histo.1.sm_70.ptx 3310 : 64740 388856 0 0 0 0 0 0 0 
histo.1.sm_70.ptx 3309 : 64740 388440 0 0 0 0 0 0 0 
histo.1.sm_70.ptx 3308 : 64740 582870 0 0 0 0 0 0 0 
histo.1.sm_70.ptx 3307 : 64740 582742 0 0 0 0 0 0 0 
histo.1.sm_70.ptx 3306 : 64740 583140 0 0 0 0 0 0 0 
histo.1.sm_70.ptx 3305 : 64740 134067202 515840 0 0 18200 2080 0 0 
histo.1.sm_70.ptx 3304 : 64740 582660 0 0 0 0 0 0 0 
histo.1.sm_70.ptx 3303 : 64740 582660 0 0 0 0 0 0 0 
histo.1.sm_70.ptx 3299 : 64740 4989712 0 0 0 0 0 0 0 
histo.1.sm_70.ptx 3296 : 64740 4977968 0 0 0 0 0 0 0 
histo.1.sm_70.ptx 3293 : 64740 1529858 0 0 0 0 0 0 0 
histo.1.sm_70.ptx 3290 : 64740 1512560 0 0 0 10140 2080 0 0 
histo.1.sm_70.ptx 3288 : 64740 1254536 0 0 0 10140 2080 0 0 
histo.1.sm_70.ptx 3287 : 64740 388440 0 0 0 0 0 0 0 
histo.1.sm_70.ptx 3286 : 64740 388440 0 0 0 0 0 0 0 
histo.1.sm_70.ptx 3285 : 64740 388440 0 0 0 0 0 0 0 
histo.1.sm_70.ptx 3284 : 64740 388440 0 0 0 0 0 0 0 
histo.1.sm_70.ptx 3283 : 64740 388440 0 0 0 0 0 0 0 
histo.1.sm_70.ptx 3282 : 64740 388472 0 0 0 0 0 0 0 
histo.1.sm_70.ptx 3281 : 64740 388440 0 0 0 0 0 0 0 
histo.1.sm_70.ptx 3280 : 64740 388440 0 0 0 0 0 0 0 
histo.1.sm_70.ptx 3279 : 64740 388440 0 0 0 0 0 0 0 
histo.1.sm_70.ptx 3278 : 64740 582660 0 0 0 0 0 0 0 
histo.1.sm_70.ptx 3277 : 64740 583300 0 0 0 0 0 0 0 
histo.1.sm_70.ptx 3276 : 64740 582660 0 0 0 0 0 0 0 
histo.1.sm_70.ptx 3275 : 64740 582660 0 0 0 0 0 0 0 
histo.1.sm_70.ptx 3273 : 64740 0 0 0 0 0 0 0 0 
histo.1.sm_70.ptx 3272 : 64740 388440 0 0 0 0 0 0 0 
histo.1.sm_70.ptx 3271 : 64740 388440 0 0 0 0 0 0 0 
histo.1.sm_70.ptx 3269 : 64740 5093060 0 0 0 0 0 0 0 
histo.1.sm_70.ptx 3266 : 64740 5075524 0 0 0 0 0 0 0 
histo.1.sm_70.ptx 3263 : 64740 1320452 0 0 0 0 0 0 0 
histo.1.sm_70.ptx 3260 : 64740 1310864 0 0 0 8190 2080 0 0 
histo.1.sm_70.ptx 4083 : 64740 323700 0 0 0 0 0 0 0 
histo.1.sm_70.ptx 3258 : 64740 1110152 0 0 0 8190 2080 0 0 
histo.1.sm_70.ptx 3257 : 64740 388600 0 0 0 0 0 0 0 
histo.1.sm_70.ptx 3256 : 64740 388440 0 0 0 0 0 0 0 
histo.1.sm_70.ptx 4079 : 64740 4712758 0 0 0 0 0 0 0 
histo.1.sm_70.ptx 3255 : 64740 388440 0 0 0 0 0 0 0 
histo.1.sm_70.ptx 3254 : 64740 388440 0 0 0 0 0 0 0 
histo.1.sm_70.ptx 3253 : 64740 388440 0 0 0 0 0 0 0 
histo.1.sm_70.ptx 784 : 98304 491520 0 0 0 0 0 0 0 
histo.1.sm_70.ptx 4076 : 64740 4707108 0 0 0 0 0 0 0 
histo.1.sm_70.ptx 3252 : 64740 388440 0 0 0 0 0 0 0 
histo.1.sm_70.ptx 3251 : 64740 388440 0 0 0 0 0 0 0 
histo.1.sm_70.ptx 3250 : 64740 388440 0 0 0 0 0 0 0 
histo.1.sm_70.ptx 4073 : 64740 1182534 0 0 0 0 0 0 0 
histo.1.sm_70.ptx 3249 : 64740 388952 0 0 0 0 0 0 0 
histo.1.sm_70.ptx 780 : 192 12672 0 0 0 0 0 0 0 
histo.1.sm_70.ptx 3248 : 64740 582660 0 0 0 0 0 0 0 
histo.1.sm_70.ptx 3247 : 64740 582660 0 0 0 0 0 0 0 
histo.1.sm_70.ptx 4070 : 64740 1163988 0 0 0 10140 2080 0 0 
histo.1.sm_70.ptx 3246 : 64740 582660 0 0 0 0 0 0 0 
histo.1.sm_70.ptx 777 : 192 12672 0 0 0 0 0 0 0 
histo.1.sm_70.ptx 3245 : 64740 131419158 520000 0 0 16250 2080 0 0 
histo.1.sm_70.ptx 4068 : 64740 903354 0 0 0 10140 2080 0 0 
histo.1.sm_70.ptx 3244 : 64740 582660 0 0 0 0 0 0 0 
histo.1.sm_70.ptx 4067 : 64740 388440 0 0 0 0 0 0 0 
histo.1.sm_70.ptx 3243 : 64740 582660 0 0 0 0 0 0 0 
histo.1.sm_70.ptx 774 : 192 576 0 0 0 0 0 0 0 
histo.1.sm_70.ptx 4066 : 64740 388440 0 0 0 0 0 0 0 
histo.1.sm_70.ptx 3239 : 64740 5289658 0 0 0 0 0 0 0 
histo.1.sm_70.ptx 4062 : 64740 388440 0 0 0 0 0 0 0 
histo.1.sm_70.ptx 3236 : 64740 5264552 0 0 0 0 0 0 0 
histo.1.sm_70.ptx 767 : 192 1728 0 0 0 0 0 0 0 
histo.1.sm_70.ptx 4059 : 64740 388440 0 0 0 0 0 0 0 
histo.1.sm_70.ptx 3233 : 64740 1846582 0 0 0 0 0 0 0 
histo.1.sm_70.ptx 764 : 192 1728 0 0 0 0 0 0 0 
histo.1.sm_70.ptx 4056 : 64740 582660 0 0 0 0 0 0 0 
histo.1.sm_70.ptx 3230 : 64740 1836726 0 0 0 10140 2080 0 0 
histo.1.sm_70.ptx 4053 : 64740 0 0 0 0 0 0 0 0 
histo.1.sm_70.ptx 3227 : 64740 390040 0 0 0 0 0 0 0 
histo.1.sm_70.ptx 3226 : 64740 388440 0 0 0 0 0 0 0 
histo.1.sm_70.ptx 757 : 192 960 0 0 0 0 0 0 0 
histo.1.sm_70.ptx 4049 : 64740 4759332 0 0 0 0 0 0 0 
histo.1.sm_70.ptx 3224 : 64740 388440 0 0 0 0 0 0 0 
histo.1.sm_70.ptx 3217 : 64740 582820 0 0 0 0 0 0 0 
histo.1.sm_70.ptx 748 : 192 33465 0 0 0 192 192 0 0 
histo.1.sm_70.ptx 4040 : 64740 1190238 0 0 0 10140 2080 0 0 
histo.1.sm_70.ptx 3215 : 64740 582692 0 0 0 0 0 0 0 
histo.1.sm_70.ptx 746 : 192 1152 0 0 0 0 0 0 0 
histo.1.sm_70.ptx 4038 : 64740 928950 0 0 0 10140 2080 0 0 
histo.1.sm_70.ptx 3212 : 64740 389048 0 0 0 0 0 0 0 
histo.1.sm_70.ptx 743 : 192 1728 0 0 0 0 0 0 0 
histo.1.sm_70.ptx 4035 : 64740 388440 0 0 0 0 0 0 0 
histo.1.sm_70.ptx 3209 : 64740 5545046 0 0 0 0 0 0 0 
histo.1.sm_70.ptx 740 : 192 4416 0 192 192 0 0 0 0 
histo.1.sm_70.ptx 4032 : 64740 388440 0 0 0 0 0 0 0 
histo.1.sm_70.ptx 3206 : 64740 5519752 0 0 0 0 0 0 0 
histo.1.sm_70.ptx 737 : 192 4416 0 192 192 0 0 0 0 
histo.1.sm_70.ptx 4029 : 64740 388440 0 0 0 0 0 0 0 
histo.1.sm_70.ptx 3188 : 64740 582660 0 0 0 0 0 0 0 
histo.1.sm_70.ptx 719 : 98304 589824 0 0 0 0 0 0 0 
histo.1.sm_70.ptx 3185 : 64740 142806426 515840 0 0 18200 2080 0 0 
histo.1.sm_70.ptx 4008 : 64740 966510 0 0 0 10140 2080 0 0 
histo.1.sm_70.ptx 3184 : 64740 582692 0 0 0 0 0 0 0 
histo.1.sm_70.ptx 715 : 12288 36864 0 384 384 0 0 0 0 
histo.1.sm_70.ptx 4007 : 64740 388440 0 0 0 0 0 0 0 
histo.1.sm_70.ptx 3186 : 64740 582660 0 0 0 0 0 0 0 
histo.1.sm_70.ptx 732 : 98304 589824 0 0 0 0 0 0 0 
histo.1.sm_70.ptx 4024 : 64740 582660 0 0 0 0 0 0 0 
histo.1.sm_70.ptx 699 : 24576 667296 0 768 768 0 0 0 0 
histo.1.sm_70.ptx 3991 : 64740 388440 0 0 0 0 0 0 0 
histo.1.sm_70.ptx 697 : 24576 106976 0 768 768 0 0 0 0 
histo.1.sm_70.ptx 3166 : 64740 388440 0 0 0 0 0 0 0 
histo.1.sm_70.ptx 3989 : 64740 4863790 0 0 0 0 0 0 0 
histo.1.sm_70.ptx 695 : 24576 666656 0 768 768 0 0 0 0 
histo.1.sm_70.ptx 3164 : 64740 388440 0 0 0 0 0 0 0 
histo.1.sm_70.ptx 694 : 24576 622496 0 768 768 0 0 0 0 
histo.1.sm_70.ptx 3163 : 64740 388440 0 0 0 0 0 0 0 
histo.1.sm_70.ptx 3986 : 64740 4850334 0 0 0 0 0 0 0 
histo.1.sm_70.ptx 692 : 98304 368640 0 0 0 0 0 0 0 
histo.1.sm_70.ptx 3161 : 64740 388440 0 0 0 0 0 0 0 
histo.1.sm_70.ptx 687 : 49152 148096 0 1536 1536 0 0 0 0 
histo.1.sm_70.ptx 3156 : 64740 582660 0 0 0 0 0 0 0 
histo.1.sm_70.ptx 686 : 49152 442368 0 0 0 0 0 0 0 
histo.1.sm_70.ptx 3155 : 64740 582660 0 0 0 0 0 0 0 
histo.1.sm_70.ptx 3978 : 64740 941902 0 0 0 8190 2080 0 0 
histo.1.sm_70.ptx 684 : 49152 1348672 0 1536 1536 0 0 0 0 
histo.1.sm_70.ptx 3976 : 64740 388440 0 0 0 0 0 0 0 
histo.1.sm_70.ptx 3120 : 64740 479326 0 0 0 0 0 0 0 
histo.1.sm_70.ptx 651 : 98304 886464 0 0 0 0 0 0 0 
histo.1.sm_70.ptx 3943 : 64740 388440 0 0 0 0 0 0 0 
histo.1.sm_70.ptx 666 : 388416 3505539 0 0 0 0 0 0 0 
histo.1.sm_70.ptx 3135 : 64740 663760 0 0 0 0 0 0 0 
histo.1.sm_70.ptx 631 : 98304 730016 0 0 0 0 0 0 0 
histo.1.sm_70.ptx 3923 : 64740 1237318 0 0 0 0 0 0 0 
histo.1.sm_70.ptx 630 : 98304 748864 0 0 0 0 0 0 0 
histo.1.sm_70.ptx 628 : 98304 0 0 0 0 0 0 0 0 
histo.1.sm_70.ptx 3920 : 64740 1223526 0 0 0 10140 2080 0 0 
histo.1.sm_70.ptx 627 : 98304 735552 0 0 0 0 0 0 0 
histo.1.sm_70.ptx 723 : 6144 147456 0 192 192 0 0 0 0 
histo.1.sm_70.ptx 3192 : 64740 388440 0 0 0 0 0 0 0 
histo.1.sm_70.ptx 626 : 98304 740960 0 0 0 0 0 0 0 
histo.1.sm_70.ptx 3918 : 64740 951012 0 0 0 10140 2080 0 0 
histo.1.sm_70.ptx 722 : 6144 147456 0 192 192 0 0 0 0 
histo.1.sm_70.ptx 3191 : 64740 388504 0 0 0 0 0 0 0 
histo.1.sm_70.ptx 3488 : 64740 582660 0 0 0 0 0 0 0 
histo.1.sm_70.ptx 625 : 98304 716352 0 0 0 0 0 0 0 
histo.1.sm_70.ptx 3917 : 64740 388440 0 0 0 0 0 0 0 
histo.1.sm_70.ptx 3487 : 64740 582660 0 0 0 0 0 0 0 
histo.1.sm_70.ptx 624 : 98304 698752 0 0 0 0 0 0 0 
histo.1.sm_70.ptx 3916 : 64740 388440 0 0 0 0 0 0 0 
histo.1.sm_70.ptx 720 : 98304 477152 0 0 0 0 0 0 0 
histo.1.sm_70.ptx 3189 : 64740 389592 0 0 0 0 0 0 0 
histo.1.sm_70.ptx 3486 : 64740 582660 0 0 0 0 0 0 0 
histo.1.sm_70.ptx 623 : 98304 1030080 0 0 0 0 0 0 0 
histo.1.sm_70.ptx 3915 : 64740 388440 0 0 0 0 0 0 0 
histo.1.sm_70.ptx 3485 : 64740 141812742 520000 0 0 16250 2080 0 0 
histo.1.sm_70.ptx 622 : 98304 682816 0 0 0 0 0 0 0 
histo.1.sm_70.ptx 3914 : 64740 388440 0 0 0 0 0 0 0 
histo.1.sm_70.ptx 3484 : 64740 582660 0 0 0 0 0 0 0 
histo.1.sm_70.ptx 621 : 98304 1010112 0 0 0 0 0 0 0 
histo.1.sm_70.ptx 3913 : 64740 388440 0 0 0 0 0 0 0 
histo.1.sm_70.ptx 3483 : 64740 582660 0 0 0 0 0 0 0 
histo.1.sm_70.ptx 620 : 98304 704224 0 0 0 0 0 0 0 
histo.1.sm_70.ptx 3912 : 64740 388440 0 0 0 0 0 0 0 
histo.1.sm_70.ptx 619 : 98304 732896 0 0 0 0 0 0 0 
histo.1.sm_70.ptx 3911 : 64740 388440 0 0 0 0 0 0 0 
histo.1.sm_70.ptx 609 : 98304 1088320 0 0 0 0 0 0 0 
histo.1.sm_70.ptx 3110 : 64740 400072 0 0 0 0 0 0 0 
histo.1.sm_70.ptx 641 : 388416 3496988 0 0 0 0 0 0 0 
histo.1.sm_70.ptx 3933 : 64740 0 0 0 0 0 0 0 0 
histo.1.sm_70.ptx 656 : 98304 499968 0 0 0 0 0 0 0 
histo.1.sm_70.ptx 3125 : 64740 643742 0 0 0 0 0 0 0 
histo.1.sm_70.ptx 3948 : 64740 953942 0 0 0 10140 2080 0 0 
histo.1.sm_70.ptx 3473 : 64740 1315750 0 0 0 0 0 0 0 
histo.1.sm_70.ptx 610 : 98304 1243648 0 0 0 0 0 0 0 
histo.1.sm_70.ptx 3111 : 64740 453650 0 0 0 0 0 0 0 
histo.1.sm_70.ptx 642 : 388416 3501093 0 0 0 0 0 0 0 
histo.1.sm_70.ptx 657 : 98304 500128 0 0 0 0 0 0 0 
histo.1.sm_70.ptx 3126 : 64740 617910 0 0 0 0 0 0 0 
histo.1.sm_70.ptx 611 : 98304 1541888 0 0 0 0 0 0 0 
histo.1.sm_70.ptx 3903 : 64740 582756 0 0 0 0 0 0 0 
histo.1.sm_70.ptx 612 : 98304 1257344 0 0 0 0 0 0 0 
histo.1.sm_70.ptx 3904 : 64740 583048 0 0 0 0 0 0 0 
histo.1.sm_70.ptx 3476 : 64740 4767894 0 0 0 0 0 0 0 
histo.1.sm_70.ptx 613 : 98304 541600 0 0 0 0 0 0 0 
histo.1.sm_70.ptx 3905 : 64740 146608106 515840 0 0 18200 2080 0 0 
histo.1.sm_70.ptx 614 : 98304 15606464 0 0 0 0 0 0 0 
histo.1.sm_70.ptx 3906 : 64740 583172 0 0 0 0 0 0 0 
histo.1.sm_70.ptx 615 : 98304 543968 0 0 0 0 0 0 0 
histo.1.sm_70.ptx 3907 : 64740 582660 0 0 0 0 0 0 0 
histo.1.sm_70.ptx 3101 : 64740 716980 0 0 0 0 0 0 0 
histo.1.sm_70.ptx 632 : 98304 740320 0 0 0 0 0 0 0 
histo.1.sm_70.ptx 3479 : 64740 4774588 0 0 0 0 0 0 0 
histo.1.sm_70.ptx 616 : 98304 909408 0 0 0 0 0 0 0 
histo.1.sm_70.ptx 3908 : 64740 582660 0 0 0 0 0 0 0 
histo.1.sm_70.ptx 714 : 12288 110592 0 0 0 0 0 0 0 
histo.1.sm_70.ptx 3183 : 64740 582660 0 0 0 0 0 0 0 
histo.1.sm_70.ptx 4006 : 64740 388440 0 0 0 0 0 0 0 
histo.1.sm_70.ptx 3102 : 64740 814114 0 0 0 0 0 0 0 
histo.1.sm_70.ptx 633 : 98304 759040 0 0 0 0 0 0 0 
histo.1.sm_70.ptx 617 : 98304 586560 0 0 0 0 0 0 0 
histo.1.sm_70.ptx 3909 : 64740 388440 0 0 0 0 0 0 0 
histo.1.sm_70.ptx 618 : 98304 963296 0 0 0 0 0 0 0 
histo.1.sm_70.ptx 3910 : 64740 388440 0 0 0 0 0 0 0 
histo.1.sm_70.ptx 3187 : 64740 582660 0 0 0 0 0 0 0 
histo.1.sm_70.ptx 718 : 98304 491520 0 0 0 0 0 0 0 
histo.1.sm_70.ptx 4010 : 64740 1234232 0 0 0 10140 2080 0 0 
histo.1.sm_70.ptx 733 : 98304 496256 0 0 0 0 0 0 192 
histo.1.sm_70.ptx 4025 : 64740 146148728 515840 0 0 18200 2080 0 0 
histo.1.sm_70.ptx 667 : 388416 2336416 0 0 0 0 0 0 0 
histo.1.sm_70.ptx 3136 : 64740 851392 0 0 0 0 0 0 0 
histo.1.sm_70.ptx 3959 : 64740 4765568 0 0 0 0 0 0 0 
histo.1.sm_70.ptx 3121 : 64740 473868 0 0 0 0 0 0 0 
histo.1.sm_70.ptx 652 : 98304 4325376 0 0 0 0 0 0 0 
histo.1.sm_70.ptx 3944 : 64740 388440 0 0 0 0 0 0 0 
histo.1.sm_70.ptx 636 : 388416 3620064 0 0 0 0 0 0 0 
histo.1.sm_70.ptx 3105 : 64740 869944 0 0 0 0 0 0 0 
histo.1.sm_70.ptx 637 : 388416 3554432 0 0 0 0 0 0 0 
histo.1.sm_70.ptx 3106 : 64740 368416 0 0 0 0 0 0 0 
histo.1.sm_70.ptx 3929 : 64740 4755362 0 0 0 0 0 0 0 
histo.1.sm_70.ptx 638 : 388416 196794147 698368 0 0 59304 12288 0 0 
histo.1.sm_70.ptx 3107 : 64740 394702 0 0 0 0 0 0 0 
histo.1.sm_70.ptx 639 : 388416 2333596 0 0 0 0 0 0 0 
histo.1.sm_70.ptx 3108 : 64740 602508 0 0 0 0 0 0 0 
histo.1.sm_70.ptx 3931 : 64740 388440 0 0 0 0 0 0 0 
histo.1.sm_70.ptx 640 : 388416 3495744 0 0 0 0 0 0 0 
histo.1.sm_70.ptx 3109 : 64740 410788 0 0 0 0 0 0 0 
histo.1.sm_70.ptx 3932 : 64740 388536 0 0 0 0 0 0 0 
histo.1.sm_70.ptx 643 : 388416 2339871 0 0 0 0 0 0 0 
histo.1.sm_70.ptx 3112 : 64740 711376 0 0 0 0 0 0 0 
histo.1.sm_70.ptx 3935 : 64740 582660 0 0 0 0 0 0 0 
histo.1.sm_70.ptx 644 : 388416 1458222 0 0 0 0 0 0 192 
histo.1.sm_70.ptx 3113 : 64740 865680 0 0 0 0 0 0 0 
histo.1.sm_70.ptx 3936 : 64740 582660 0 0 0 0 0 0 0 
histo.1.sm_70.ptx 646 : 98304 592000 0 0 0 0 0 0 0 
histo.1.sm_70.ptx 3115 : 64740 768228 0 0 0 0 0 0 0 
histo.1.sm_70.ptx 3938 : 64740 582660 0 0 0 0 0 0 0 
histo.1.sm_70.ptx 3103 : 64740 1017024 0 0 0 0 0 0 0 
histo.1.sm_70.ptx 3926 : 64740 4747062 0 0 0 0 0 0 0 
histo.1.sm_70.ptx 649 : 98304 592224 0 0 0 0 0 0 0 
histo.1.sm_70.ptx 3118 : 64740 464102 0 0 0 0 0 0 0 
histo.1.sm_70.ptx 3941 : 64740 388440 0 0 0 0 0 0 0 
histo.1.sm_70.ptx 653 : 98304 485600 0 3072 3072 0 0 0 0 
histo.1.sm_70.ptx 3122 : 64740 484894 0 0 0 0 0 0 0 
histo.1.sm_70.ptx 3945 : 64740 388440 0 0 0 0 0 0 0 
histo.1.sm_70.ptx 654 : 98304 0 0 0 0 0 0 0 0 
histo.1.sm_70.ptx 3123 : 64740 657016 0 0 0 0 0 0 0 
histo.1.sm_70.ptx 3946 : 64740 388440 0 0 0 0 0 0 0 
histo.1.sm_70.ptx 3172 : 64740 1525100 0 0 0 0 0 0 0 
histo.1.sm_70.ptx 3995 : 64740 582660 0 0 0 0 0 0 0 
histo.1.sm_70.ptx 725 : 6144 18432 0 192 192 0 0 0 0 
histo.1.sm_70.ptx 3194 : 64740 388504 0 0 0 0 0 0 0 
histo.1.sm_70.ptx 726 : 6144 147456 0 192 192 0 0 0 0 
histo.1.sm_70.ptx 3195 : 64740 388440 0 0 0 0 0 0 0 
histo.1.sm_70.ptx 660 : 388416 3500167 0 0 0 0 0 0 0 
histo.1.sm_70.ptx 3129 : 64740 402430 0 0 0 0 0 0 0 
histo.1.sm_70.ptx 3114 : 64740 558362 0 0 0 0 0 0 0 
histo.1.sm_70.ptx 3937 : 64740 582660 0 0 0 0 0 0 0 
histo.1.sm_70.ptx 727 : 6144 147456 0 192 192 0 0 0 0 
histo.1.sm_70.ptx 3196 : 64740 388494 0 0 0 0 0 0 0 
histo.1.sm_70.ptx 4019 : 64740 4714908 0 0 0 0 0 0 0 
histo.1.sm_70.ptx 661 : 388416 3500487 0 0 0 0 0 0 0 
histo.1.sm_70.ptx 3130 : 64740 409680 0 0 0 0 0 0 0 
histo.1.sm_70.ptx 3953 : 64740 1223730 0 0 0 0 0 0 0 
histo.1.sm_70.ptx 662 : 388416 11425371 0 0 0 59304 12288 0 0 
histo.1.sm_70.ptx 3131 : 64740 639504 0 0 0 0 0 0 0 
histo.1.sm_70.ptx 3116 : 64740 497932 0 0 0 0 0 0 0 
histo.1.sm_70.ptx 3939 : 64740 388440 0 0 0 0 0 0 0 
histo.1.sm_70.ptx 663 : 388416 2336295 0 0 0 0 0 0 0 
histo.1.sm_70.ptx 3132 : 64740 431376 0 0 0 0 0 0 0 
histo.1.sm_70.ptx 3117 : 64740 510512 0 0 0 0 0 0 0 
histo.1.sm_70.ptx 3940 : 64740 388440 0 0 0 0 0 0 0 
histo.1.sm_70.ptx 735 : 192 1152 0 0 0 0 0 0 0 
histo.1.sm_70.ptx 4027 : 64740 582660 0 0 0 0 0 0 0 
histo.1.sm_70.ptx 3190 : 64740 388504 0 0 0 0 0 0 0 
histo.1.sm_70.ptx 4013 : 64740 1245850 0 0 0 0 0 0 0 
histo.1.sm_70.ptx 736 : 192 4416 0 192 192 0 0 0 0 
histo.1.sm_70.ptx 4028 : 64740 582660 0 0 0 0 0 0 0 
histo.1.sm_70.ptx 3124 : 64740 40576034 520000 0 0 16250 2080 0 0 
histo.1.sm_70.ptx 3947 : 64740 388440 0 0 0 0 0 0 0 
histo.1.sm_70.ptx 671 : 98304 4325408 0 0 0 0 0 0 0 
histo.1.sm_70.ptx 3963 : 64740 582660 0 0 0 0 0 0 0 
histo.1.sm_70.ptx 738 : 192 1728 0 0 0 0 0 0 0 
histo.1.sm_70.ptx 4030 : 64740 388440 0 0 0 0 0 0 0 
histo.1.sm_70.ptx 672 : 98304 10321952 0 0 0 0 0 0 0 
histo.1.sm_70.ptx 3964 : 64740 582660 0 0 0 0 0 0 0 
histo.1.sm_70.ptx 3193 : 64740 388504 0 0 0 0 0 0 0 
histo.1.sm_70.ptx 724 : 6144 55296 0 0 0 0 0 0 0 
histo.1.sm_70.ptx 4016 : 64740 4702548 0 0 0 0 0 0 0 
histo.1.sm_70.ptx 739 : 192 1728 0 0 0 0 0 0 0 
histo.1.sm_70.ptx 4031 : 64740 388440 0 0 0 0 0 0 0 
histo.1.sm_70.ptx 673 : 98304 492544 0 0 0 0 0 0 0 
histo.1.sm_70.ptx 3142 : 64740 4883034 0 0 0 0 0 0 0 
histo.1.sm_70.ptx 3965 : 64740 147194286 520000 0 0 16250 2080 0 0 
histo.1.sm_70.ptx 3127 : 64740 627812 0 0 0 0 0 0 0 
histo.1.sm_70.ptx 3950 : 64740 1216672 0 0 0 10140 2080 0 0 
histo.1.sm_70.ptx 674 : 98304 888960 0 0 0 0 0 0 0 
histo.1.sm_70.ptx 3966 : 64740 582660 0 0 0 0 0 0 0 
histo.1.sm_70.ptx 3128 : 64740 553670 0 0 0 0 0 0 0 
histo.1.sm_70.ptx 741 : 192 4416 0 192 192 0 0 0 0 
histo.1.sm_70.ptx 4033 : 64740 388440 0 0 0 0 0 0 0 
histo.1.sm_70.ptx 675 : 98304 316480 0 3072 3072 0 0 0 0 
histo.1.sm_70.ptx 3144 : 64740 1579888 0 0 0 0 0 0 0 
histo.1.sm_70.ptx 3967 : 64740 582660 0 0 0 0 0 0 0 
histo.1.sm_70.ptx 742 : 192 1728 0 0 0 0 0 0 0 
histo.1.sm_70.ptx 3211 : 64740 389272 0 0 0 0 0 0 0 
histo.1.sm_70.ptx 4034 : 64740 388440 0 0 0 0 0 0 0 
histo.1.sm_70.ptx 676 : 98304 491776 0 0 0 0 0 0 0 
histo.1.sm_70.ptx 3145 : 64740 412162 0 0 0 0 0 0 0 
histo.1.sm_70.ptx 3968 : 64740 582660 0 0 0 0 0 0 0 
histo.1.sm_70.ptx 3197 : 64740 390258 0 0 0 0 0 0 0 
histo.1.sm_70.ptx 728 : 6144 55296 0 0 0 0 0 0 0 
histo.1.sm_70.ptx 677 : 98304 589824 0 0 0 0 0 0 0 
histo.1.sm_70.ptx 3969 : 64740 388440 0 0 0 0 0 0 0 
histo.1.sm_70.ptx 3198 : 64740 1352822 0 0 0 10140 2080 0 0 
histo.1.sm_70.ptx 729 : 6144 18432 0 192 192 0 0 0 0 
histo.1.sm_70.ptx 744 : 192 1728 0 0 0 0 0 0 0 
histo.1.sm_70.ptx 3213 : 64740 0 0 0 0 0 0 0 0 
histo.1.sm_70.ptx 4036 : 64740 388440 0 0 0 0 0 0 0 
histo.1.sm_70.ptx 678 : 98304 273952 0 0 0 0 0 0 0 
histo.1.sm_70.ptx 3147 : 64740 13247506 0 0 0 0 0 0 0 
histo.1.sm_70.ptx 3970 : 64740 388440 0 0 0 0 0 0 0 
histo.1.sm_70.ptx 745 : 192 1728 0 0 0 0 0 0 0 
histo.1.sm_70.ptx 4037 : 64740 388440 0 0 0 0 0 0 0 
histo.1.sm_70.ptx 3133 : 64740 426576 0 0 0 0 0 0 0 
histo.1.sm_70.ptx 664 : 388416 3495744 0 0 0 0 0 0 0 
histo.1.sm_70.ptx 3956 : 64740 4756928 0 0 0 0 0 0 0 
histo.1.sm_70.ptx 3200 : 64740 1612588 0 0 0 10140 2080 0 0 
histo.1.sm_70.ptx 4023 : 64740 582660 0 0 0 0 0 0 0 
histo.1.sm_70.ptx 680 : 49152 1358080 0 1536 1536 0 0 0 0 
histo.1.sm_70.ptx 3972 : 64740 388440 0 0 0 0 0 0 0 
histo.1.sm_70.ptx 3134 : 64740 771804 0 0 0 0 0 0 0 
histo.1.sm_70.ptx 665 : 388416 2720423 0 0 0 0 0 0 0 
histo.1.sm_70.ptx 747 : 192 1152 0 0 0 0 0 0 0 
histo.1.sm_70.ptx 3216 : 64740 582660 0 0 0 0 0 0 0 
histo.1.sm_70.ptx 681 : 49152 1493600 0 1536 1536 0 0 0 0 
histo.1.sm_70.ptx 3150 : 64740 13421096 0 0 0 0 0 0 0 
histo.1.sm_70.ptx 3973 : 64740 388440 0 0 0 0 0 0 0 
histo.1.sm_70.ptx 682 : 49152 442368 0 0 0 0 0 0 0 
histo.1.sm_70.ptx 3974 : 64740 388440 0 0 0 0 0 0 0 
histo.1.sm_70.ptx 3203 : 64740 1623620 0 0 0 0 0 0 0 
histo.1.sm_70.ptx 4026 : 64740 582660 0 0 0 0 0 0 0 
histo.1.sm_70.ptx 749 : 192 960 0 0 0 0 0 0 0 
histo.1.sm_70.ptx 3218 : 64740 582660 0 0 0 0 0 0 0 
histo.1.sm_70.ptx 683 : 49152 278944 0 1536 1536 0 0 0 0 
histo.1.sm_70.ptx 3152 : 64740 0 0 0 0 0 0 0 0 
histo.1.sm_70.ptx 3975 : 64740 388440 0 0 0 0 0 0 0 
histo.1.sm_70.ptx 3137 : 64740 4790744 0 0 0 8190 2080 0 0 
histo.1.sm_70.ptx 668 : 388416 1476287 0 0 0 0 0 0 192 
histo.1.sm_70.ptx 751 : 192 576 0 0 0 192 192 0 0 
histo.1.sm_70.ptx 3220 : 64740 388440 0 0 0 0 0 0 0 
histo.1.sm_70.ptx 4043 : 64740 1196126 0 0 0 0 0 0 0 
histo.1.sm_70.ptx 685 : 49152 1407040 0 1536 1536 0 0 0 0 
histo.1.sm_70.ptx 3154 : 64740 582660 0 0 0 0 0 0 0 
histo.1.sm_70.ptx 3977 : 64740 388440 0 0 0 0 0 0 0 
histo.1.sm_70.ptx 3139 : 64740 4974416 0 0 0 8190 2080 0 0 
histo.1.sm_70.ptx 754 : 192 576 0 0 0 0 0 0 0 
histo.1.sm_70.ptx 3223 : 64740 388440 0 0 0 0 0 0 0 
histo.1.sm_70.ptx 4046 : 64740 4755684 0 0 0 0 0 0 0 
histo.1.sm_70.ptx 756 : 192 960 0 0 0 0 0 0 0 
histo.1.sm_70.ptx 3225 : 64740 388440 0 0 0 0 0 0 0 
histo.1.sm_70.ptx 690 : 98304 515264 0 0 0 0 0 0 0 
histo.1.sm_70.ptx 3159 : 64740 388440 0 0 0 0 0 0 0 
histo.1.sm_70.ptx 691 : 98304 589824 0 0 0 0 0 0 0 
histo.1.sm_70.ptx 3160 : 64740 388440 0 0 0 0 0 0 0 
histo.1.sm_70.ptx 3983 : 64740 1166084 0 0 0 0 0 0 0 
histo.1.sm_70.ptx 759 : 192 12672 0 0 0 0 0 0 0 
histo.1.sm_70.ptx 3228 : 64740 1577868 0 0 0 10140 2080 0 0 
histo.1.sm_70.ptx 4051 : 64740 388440 0 0 0 0 0 0 0 
histo.1.sm_70.ptx 762 : 192 12672 0 0 0 0 0 0 0 
histo.1.sm_70.ptx 696 : 24576 221184 0 0 0 0 0 0 0 
histo.1.sm_70.ptx 3165 : 64740 388440 0 0 0 0 0 0 0 
histo.1.sm_70.ptx 698 : 24576 636928 0 768 768 0 0 0 0 
histo.1.sm_70.ptx 3167 : 64740 1252864 0 0 0 10140 2080 0 0 
histo.1.sm_70.ptx 3219 : 64740 388440 0 0 0 0 0 0 0 
histo.1.sm_70.ptx 765 : 192 1152 0 0 0 0 0 0 0 
histo.1.sm_70.ptx 4057 : 64740 582660 0 0 0 0 0 0 0 
histo.1.sm_70.ptx 766 : 192 1152 0 0 0 0 0 0 0 
histo.1.sm_70.ptx 4058 : 64740 582660 0 0 0 0 0 0 0 
histo.1.sm_70.ptx 700 : 24576 221184 0 0 0 0 0 0 0 
histo.1.sm_70.ptx 3169 : 64740 1513402 0 0 0 10140 2080 0 0 
histo.1.sm_70.ptx 3992 : 64740 388440 0 0 0 0 0 0 0 
histo.1.sm_70.ptx 3221 : 64740 388440 0 0 0 0 0 0 0 
histo.1.sm_70.ptx 701 : 24576 73728 0 768 768 0 0 0 0 
histo.1.sm_70.ptx 3993 : 64740 0 0 0 0 0 0 0 0 
histo.1.sm_70.ptx 3222 : 64740 388440 0 0 0 0 0 0 0 
histo.1.sm_70.ptx 768 : 192 32845 0 0 0 192 192 0 0 
histo.1.sm_70.ptx 4060 : 64740 388440 0 0 0 0 0 0 0 
histo.1.sm_70.ptx 769 : 192 1728 0 0 0 0 0 0 0 
histo.1.sm_70.ptx 4061 : 64740 388440 0 0 0 0 0 0 0 
histo.1.sm_70.ptx 3157 : 64740 582660 0 0 0 0 0 0 0 
histo.1.sm_70.ptx 3980 : 64740 1152522 0 0 0 8190 2080 0 0 
histo.1.sm_70.ptx 771 : 192 576 0 0 0 192 192 0 0 
histo.1.sm_70.ptx 4063 : 64740 388440 0 0 0 0 0 0 0 
histo.1.sm_70.ptx 705 : 98304 589824 0 0 0 0 0 0 0 
histo.1.sm_70.ptx 3997 : 64740 582660 0 0 0 0 0 0 0 
histo.1.sm_70.ptx 708 : 12288 299680 0 384 384 0 0 0 0 
histo.1.sm_70.ptx 4000 : 64740 388440 0 0 0 0 0 0 0 
histo.1.sm_70.ptx 3162 : 64740 388440 0 0 0 0 0 0 0 
histo.1.sm_70.ptx 711 : 12288 40288 0 384 384 0 0 0 0 
histo.1.sm_70.ptx 4003 : 64740 388440 0 0 0 0 0 0 0 
histo.1.sm_70.ptx 650 : 98304 510176 0 0 0 0 0 0 0 
histo.1.sm_70.ptx 3119 : 64740 487068 0 0 0 0 0 0 0 
histo.1.sm_70.ptx 3942 : 64740 388440 0 0 0 0 0 0 0 
histo.1.sm_70.ptx 3104 : 64740 1028172 0 0 0 0 0 0 0 
histo.1.sm_70.ptx 704 : 98304 491520 0 0 0 0 0 0 0 
histo.1.sm_70.ptx 3996 : 64740 582660 0 0 0 0 0 0 0 
histo.1.sm_70.ptx 3158 : 64740 388440 0 0 0 0 0 0 0 
histo.1.sm_70.ptx 706 : 98304 430080 0 0 0 0 0 0 0 
histo.1.sm_70.ptx 3175 : 64740 5044230 0 0 0 0 0 0 0 
histo.1.sm_70.ptx 3998 : 64740 582660 0 0 0 0 0 0 0 
histo.1.sm_70.ptx 709 : 12288 311072 0 384 384 0 0 0 0 
histo.1.sm_70.ptx 3178 : 64740 5056714 0 0 0 0 0 0 0 
histo.1.sm_70.ptx 4001 : 64740 388440 0 0 0 0 0 0 0 
histo.1.sm_70.ptx 710 : 12288 110592 0 0 0 0 0 0 0 
histo.1.sm_70.ptx 4002 : 64740 388440 0 0 0 0 0 0 0 
histo.1.sm_70.ptx 712 : 12288 308192 0 384 384 0 0 0 0 
histo.1.sm_70.ptx 4004 : 64740 388440 0 0 0 0 0 0 0 
histo.1.sm_70.ptx 713 : 12288 315072 0 384 384 0 0 0 0 
histo.1.sm_70.ptx 3182 : 64740 582660 0 0 0 0 0 0 0 
histo.1.sm_70.ptx 4005 : 64740 388440 0 0 0 0 0 0 0 
histo.1.sm_70.ptx 3489 : 64740 388440 0 0 0 0 0 0 0 
histo.1.sm_70.ptx 3490 : 64740 388440 0 0 0 0 0 0 0 
histo.1.sm_70.ptx 3491 : 64740 388440 0 0 0 0 0 0 0 
histo.1.sm_70.ptx 3492 : 64740 388440 0 0 0 0 0 0 0 
histo.1.sm_70.ptx 3493 : 64740 388440 0 0 0 0 0 0 0 
histo.1.sm_70.ptx 3494 : 64740 388440 0 0 0 0 0 0 0 
histo.1.sm_70.ptx 3495 : 64740 388440 0 0 0 0 0 0 0 
histo.1.sm_70.ptx 3496 : 64740 388440 0 0 0 0 0 0 0 
histo.1.sm_70.ptx 3497 : 64740 388440 0 0 0 0 0 0 0 
histo.1.sm_70.ptx 3498 : 64740 920542 0 0 0 8190 2080 0 0 
histo.1.sm_70.ptx 3500 : 64740 1119526 0 0 0 8190 2080 0 0 
histo.1.sm_70.ptx 3503 : 64740 1132134 0 0 0 0 0 0 0 
histo.1.sm_70.ptx 3506 : 64740 4876728 0 0 0 0 0 0 0 
histo.1.sm_70.ptx 3509 : 64740 4884344 0 0 0 0 0 0 0 
histo.1.sm_70.ptx 3511 : 64740 388440 0 0 0 0 0 0 0 
histo.1.sm_70.ptx 3512 : 64740 388440 0 0 0 0 0 0 0 
histo.1.sm_70.ptx 3513 : 64740 0 0 0 0 0 0 0 0 
histo.1.sm_70.ptx 3515 : 64740 582660 0 0 0 0 0 0 0 
histo.1.sm_70.ptx 3516 : 64740 582660 0 0 0 0 0 0 0 
histo.1.sm_70.ptx 3517 : 64740 582660 0 0 0 0 0 0 0 
histo.1.sm_70.ptx 3518 : 64740 582660 0 0 0 0 0 0 0 
histo.1.sm_70.ptx 3519 : 64740 388440 0 0 0 0 0 0 0 
histo.1.sm_70.ptx 3520 : 64740 388440 0 0 0 0 0 0 0 
histo.1.sm_70.ptx 3521 : 64740 388440 0 0 0 0 0 0 0 
histo.1.sm_70.ptx 3522 : 64740 388440 0 0 0 0 0 0 0 
histo.1.sm_70.ptx 3523 : 64740 388440 0 0 0 0 0 0 0 
histo.1.sm_70.ptx 3524 : 64740 388440 0 0 0 0 0 0 0 
histo.1.sm_70.ptx 3525 : 64740 388440 0 0 0 0 0 0 0 
histo.1.sm_70.ptx 3526 : 64740 388440 0 0 0 0 0 0 0 
histo.1.sm_70.ptx 3527 : 64740 388440 0 0 0 0 0 0 0 
histo.1.sm_70.ptx 3528 : 64740 1054156 0 0 0 10140 2080 0 0 
histo.1.sm_70.ptx 3530 : 64740 1331828 0 0 0 10140 2080 0 0 
histo.1.sm_70.ptx 3533 : 64740 1339464 0 0 0 0 0 0 0 
histo.1.sm_70.ptx 3536 : 64740 4782772 0 0 0 0 0 0 0 
histo.1.sm_70.ptx 3539 : 64740 4787086 0 0 0 0 0 0 0 
histo.1.sm_70.ptx 3543 : 64740 582660 0 0 0 0 0 0 0 
histo.1.sm_70.ptx 3544 : 64740 582660 0 0 0 0 0 0 0 
histo.1.sm_70.ptx 3545 : 64740 135761316 515840 0 0 18200 2080 0 0 
histo.1.sm_70.ptx 3546 : 64740 582660 0 0 0 0 0 0 0 
histo.1.sm_70.ptx 3547 : 64740 582948 0 0 0 0 0 0 0 
histo.1.sm_70.ptx 3548 : 64740 582948 0 0 0 0 0 0 0 
histo.1.sm_70.ptx 3549 : 64740 388440 0 0 0 0 0 0 0 
histo.1.sm_70.ptx 3550 : 64740 388440 0 0 0 0 0 0 0 
histo.1.sm_70.ptx 3551 : 64740 388440 0 0 0 0 0 0 0 
histo.1.sm_70.ptx 3552 : 64740 388440 0 0 0 0 0 0 0 
histo.1.sm_70.ptx 3553 : 64740 388440 0 0 0 0 0 0 0 
histo.1.sm_70.ptx 3554 : 64740 388440 0 0 0 0 0 0 0 
histo.1.sm_70.ptx 3555 : 64740 388440 0 0 0 0 0 0 0 
histo.1.sm_70.ptx 3556 : 64740 388440 0 0 0 0 0 0 0 
histo.1.sm_70.ptx 3557 : 64740 388440 0 0 0 0 0 0 0 
histo.1.sm_70.ptx 3558 : 64740 960238 0 0 0 10140 2080 0 0 
histo.1.sm_70.ptx 3560 : 64740 1225498 0 0 0 10140 2080 0 0 
histo.1.sm_70.ptx 3563 : 64740 1234310 0 0 0 0 0 0 0 
histo.1.sm_70.ptx 3566 : 64740 4878626 0 0 0 0 0 0 0 
histo.1.sm_70.ptx 3569 : 64740 4887082 0 0 0 0 0 0 0 
histo.1.sm_70.ptx 3571 : 64740 388440 0 0 0 0 0 0 0 
histo.1.sm_70.ptx 3572 : 64740 388440 0 0 0 0 0 0 0 
histo.1.sm_70.ptx 3573 : 64740 0 0 0 0 0 0 0 0 
histo.1.sm_70.ptx 3575 : 64740 582660 0 0 0 0 0 0 0 
histo.1.sm_70.ptx 3576 : 64740 582660 0 0 0 0 0 0 0 
histo.1.sm_70.ptx 3577 : 64740 582756 0 0 0 0 0 0 0 
histo.1.sm_70.ptx 3578 : 64740 582788 0 0 0 0 0 0 0 
histo.1.sm_70.ptx 3579 : 64740 388472 0 0 0 0 0 0 0 
histo.1.sm_70.ptx 3580 : 64740 388440 0 0 0 0 0 0 0 
histo.1.sm_70.ptx 3581 : 64740 388440 0 0 0 0 0 0 0 
histo.1.sm_70.ptx 3582 : 64740 388440 0 0 0 0 0 0 0 
histo.1.sm_70.ptx 3583 : 64740 388440 0 0 0 0 0 0 0 
histo.1.sm_70.ptx 3584 : 64740 388440 0 0 0 0 0 0 0 
histo.1.sm_70.ptx 3585 : 64740 388440 0 0 0 0 0 0 0 
histo.1.sm_70.ptx 3586 : 64740 388440 0 0 0 0 0 0 0 
histo.1.sm_70.ptx 3587 : 64740 388440 0 0 0 0 0 0 0 
histo.1.sm_70.ptx 3588 : 64740 978910 0 0 0 10140 2080 0 0 
histo.1.sm_70.ptx 3590 : 64740 1245190 0 0 0 10140 2080 0 0 
histo.1.sm_70.ptx 3593 : 64740 1257126 0 0 0 0 0 0 0 
histo.1.sm_70.ptx 3596 : 64740 4804938 0 0 0 0 0 0 0 
histo.1.sm_70.ptx 3599 : 64740 4812178 0 0 0 0 0 0 0 
histo.1.sm_70.ptx 3603 : 64740 582660 0 0 0 0 0 0 0 
histo.1.sm_70.ptx 3604 : 64740 582660 0 0 0 0 0 0 0 
histo.1.sm_70.ptx 3605 : 64740 143396702 520000 0 0 16250 2080 0 0 
histo.1.sm_70.ptx 3606 : 64740 582660 0 0 0 0 0 0 0 
histo.1.sm_70.ptx 3607 : 64740 582660 0 0 0 0 0 0 0 
histo.1.sm_70.ptx 3608 : 64740 582660 0 0 0 0 0 0 0 
histo.1.sm_70.ptx 3609 : 64740 388440 0 0 0 0 0 0 0 
histo.1.sm_70.ptx 3610 : 64740 388440 0 0 0 0 0 0 0 
histo.1.sm_70.ptx 3611 : 64740 388440 0 0 0 0 0 0 0 
histo.1.sm_70.ptx 3612 : 64740 388440 0 0 0 0 0 0 0 
histo.1.sm_70.ptx 3613 : 64740 388440 0 0 0 0 0 0 0 
histo.1.sm_70.ptx 3614 : 64740 388440 0 0 0 0 0 0 0 
histo.1.sm_70.ptx 3615 : 64740 388440 0 0 0 0 0 0 0 
histo.1.sm_70.ptx 3616 : 64740 388440 0 0 0 0 0 0 0 
histo.1.sm_70.ptx 3617 : 64740 388440 0 0 0 0 0 0 0 
histo.1.sm_70.ptx 3618 : 64740 1002850 0 0 0 8190 2080 0 0 
histo.1.sm_70.ptx 3620 : 64740 1212876 0 0 0 8190 2080 0 0 
histo.1.sm_70.ptx 3623 : 64740 1217372 0 0 0 0 0 0 0 
histo.1.sm_70.ptx 3626 : 64740 4858802 0 0 0 0 0 0 0 
histo.1.sm_70.ptx 3629 : 64740 4864730 0 0 0 0 0 0 0 
histo.1.sm_70.ptx 3631 : 64740 388440 0 0 0 0 0 0 0 
histo.1.sm_70.ptx 3632 : 64740 388440 0 0 0 0 0 0 0 
histo.1.sm_70.ptx 3633 : 64740 0 0 0 0 0 0 0 0 
histo.1.sm_70.ptx 3635 : 64740 582756 0 0 0 0 0 0 0 
histo.1.sm_70.ptx 3636 : 64740 582660 0 0 0 0 0 0 0 
histo.1.sm_70.ptx 3637 : 64740 582660 0 0 0 0 0 0 0 
histo.1.sm_70.ptx 3638 : 64740 582660 0 0 0 0 0 0 0 
histo.1.sm_70.ptx 3639 : 64740 388440 0 0 0 0 0 0 0 
histo.1.sm_70.ptx 3640 : 64740 388440 0 0 0 0 0 0 0 
histo.1.sm_70.ptx 3641 : 64740 388440 0 0 0 0 0 0 0 
histo.1.sm_70.ptx 3642 : 64740 388440 0 0 0 0 0 0 0 
histo.1.sm_70.ptx 3643 : 64740 388440 0 0 0 0 0 0 0 
histo.1.sm_70.ptx 3644 : 64740 388440 0 0 0 0 0 0 0 
histo.1.sm_70.ptx 3645 : 64740 388440 0 0 0 0 0 0 0 
histo.1.sm_70.ptx 3646 : 64740 388440 0 0 0 0 0 0 0 
histo.1.sm_70.ptx 3647 : 64740 388440 0 0 0 0 0 0 0 
histo.1.sm_70.ptx 3648 : 64740 1018210 0 0 0 10140 2080 0 0 
histo.1.sm_70.ptx 3650 : 64740 1292234 0 0 0 10140 2080 0 0 
histo.1.sm_70.ptx 3653 : 64740 1307516 0 0 0 0 0 0 0 
histo.1.sm_70.ptx 3656 : 64740 4829732 0 0 0 0 0 0 0 
histo.1.sm_70.ptx 3659 : 64740 4837284 0 0 0 0 0 0 0 
histo.1.sm_70.ptx 3663 : 64740 582788 0 0 0 0 0 0 0 
histo.1.sm_70.ptx 3664 : 64740 583144 0 0 0 0 0 0 0 
histo.1.sm_70.ptx 3665 : 64740 137549728 515840 0 0 18200 2080 0 0 
histo.1.sm_70.ptx 3666 : 64740 583396 0 0 0 0 0 0 0 
histo.1.sm_70.ptx 3667 : 64740 582660 0 0 0 0 0 0 0 
histo.1.sm_70.ptx 3668 : 64740 582660 0 0 0 0 0 0 0 
histo.1.sm_70.ptx 3669 : 64740 388440 0 0 0 0 0 0 0 
histo.1.sm_70.ptx 3670 : 64740 388440 0 0 0 0 0 0 0 
histo.1.sm_70.ptx 3671 : 64740 388440 0 0 0 0 0 0 0 
histo.1.sm_70.ptx 3672 : 64740 388440 0 0 0 0 0 0 0 
histo.1.sm_70.ptx 3673 : 64740 388440 0 0 0 0 0 0 0 
histo.1.sm_70.ptx 3674 : 64740 388440 0 0 0 0 0 0 0 
histo.1.sm_70.ptx 3675 : 64740 388440 0 0 0 0 0 0 0 
histo.1.sm_70.ptx 3676 : 64740 388440 0 0 0 0 0 0 0 
histo.1.sm_70.ptx 3677 : 64740 388440 0 0 0 0 0 0 0 
histo.1.sm_70.ptx 3678 : 64740 979678 0 0 0 10140 2080 0 0 
histo.1.sm_70.ptx 3680 : 64740 1264444 0 0 0 10140 2080 0 0 
histo.1.sm_70.ptx 3683 : 64740 1290924 0 0 0 0 0 0 0 
histo.1.sm_70.ptx 3686 : 64740 4901578 0 0 0 0 0 0 0 
histo.1.sm_70.ptx 3689 : 64740 4921118 0 0 0 0 0 0 0 
histo.1.sm_70.ptx 3691 : 64740 388440 0 0 0 0 0 0 0 
histo.1.sm_70.ptx 3692 : 64740 388440 0 0 0 0 0 0 0 
histo.1.sm_70.ptx 3693 : 64740 0 0 0 0 0 0 0 0 
histo.1.sm_70.ptx 3695 : 64740 582660 0 0 0 0 0 0 0 
histo.1.sm_70.ptx 3696 : 64740 582660 0 0 0 0 0 0 0 
histo.1.sm_70.ptx 3697 : 64740 582660 0 0 0 0 0 0 0 
histo.1.sm_70.ptx 3698 : 64740 582660 0 0 0 0 0 0 0 
histo.1.sm_70.ptx 3699 : 64740 388440 0 0 0 0 0 0 0 
histo.1.sm_70.ptx 3700 : 64740 388440 0 0 0 0 0 0 0 
histo.1.sm_70.ptx 3701 : 64740 388440 0 0 0 0 0 0 0 
histo.1.sm_70.ptx 3702 : 64740 388440 0 0 0 0 0 0 0 
histo.1.sm_70.ptx 3703 : 64740 388440 0 0 0 0 0 0 0 
histo.1.sm_70.ptx 3704 : 64740 388440 0 0 0 0 0 0 0 
histo.1.sm_70.ptx 3705 : 64740 388440 0 0 0 0 0 0 0 
histo.1.sm_70.ptx 3706 : 64740 388440 0 0 0 0 0 0 0 
histo.1.sm_70.ptx 3707 : 64740 388440 0 0 0 0 0 0 0 
histo.1.sm_70.ptx 3708 : 64740 964192 0 0 0 10140 2080 0 0 
histo.1.sm_70.ptx 3710 : 64740 1231432 0 0 0 10140 2080 0 0 
histo.1.sm_70.ptx 3713 : 64740 1240360 0 0 0 0 0 0 0 
histo.1.sm_70.ptx 3716 : 64740 4737344 0 0 0 0 0 0 0 
histo.1.sm_70.ptx 3719 : 64740 4751378 0 0 0 0 0 0 0 
histo.1.sm_70.ptx 3723 : 64740 582660 0 0 0 0 0 0 0 
histo.1.sm_70.ptx 3724 : 64740 582660 0 0 0 0 0 0 0 
histo.1.sm_70.ptx 3725 : 64740 143213634 520000 0 0 16250 2080 0 0 
histo.1.sm_70.ptx 3726 : 64740 582660 0 0 0 0 0 0 0 
histo.1.sm_70.ptx 3727 : 64740 582660 0 0 0 0 0 0 0 
histo.1.sm_70.ptx 3728 : 64740 582660 0 0 0 0 0 0 0 
histo.1.sm_70.ptx 3729 : 64740 388440 0 0 0 0 0 0 0 
histo.1.sm_70.ptx 3730 : 64740 388440 0 0 0 0 0 0 0 
histo.1.sm_70.ptx 3731 : 64740 388440 0 0 0 0 0 0 0 
histo.1.sm_70.ptx 3732 : 64740 388440 0 0 0 0 0 0 0 
histo.1.sm_70.ptx 3733 : 64740 388440 0 0 0 0 0 0 0 
histo.1.sm_70.ptx 3734 : 64740 388440 0 0 0 0 0 0 0 
histo.1.sm_70.ptx 3735 : 64740 388440 0 0 0 0 0 0 0 
histo.1.sm_70.ptx 3736 : 64740 388440 0 0 0 0 0 0 0 
histo.1.sm_70.ptx 3737 : 64740 388440 0 0 0 0 0 0 0 
histo.1.sm_70.ptx 3738 : 64740 899118 0 0 0 8190 2080 0 0 
histo.1.sm_70.ptx 3740 : 64740 1102390 0 0 0 8190 2080 0 0 
histo.1.sm_70.ptx 3743 : 64740 1114714 0 0 0 0 0 0 0 
histo.1.sm_70.ptx 3746 : 64740 4807998 0 0 0 0 0 0 0 
histo.1.sm_70.ptx 3749 : 64740 4814912 0 0 0 0 0 0 0 
histo.1.sm_70.ptx 3751 : 64740 388440 0 0 0 0 0 0 0 
histo.1.sm_70.ptx 3752 : 64740 388440 0 0 0 0 0 0 0 
histo.1.sm_70.ptx 3753 : 64740 0 0 0 0 0 0 0 0 
histo.1.sm_70.ptx 3755 : 64740 582660 0 0 0 0 0 0 0 
histo.1.sm_70.ptx 3756 : 64740 582660 0 0 0 0 0 0 0 
histo.1.sm_70.ptx 3757 : 64740 582660 0 0 0 0 0 0 0 
histo.1.sm_70.ptx 3758 : 64740 582660 0 0 0 0 0 0 0 
histo.1.sm_70.ptx 3759 : 64740 388440 0 0 0 0 0 0 0 
histo.1.sm_70.ptx 3760 : 64740 388440 0 0 0 0 0 0 0 
histo.1.sm_70.ptx 3761 : 64740 388440 0 0 0 0 0 0 0 
histo.1.sm_70.ptx 3762 : 64740 388440 0 0 0 0 0 0 0 
histo.1.sm_70.ptx 3763 : 64740 388440 0 0 0 0 0 0 0 
histo.1.sm_70.ptx 3764 : 64740 388440 0 0 0 0 0 0 0 
histo.1.sm_70.ptx 3765 : 64740 388440 0 0 0 0 0 0 0 
histo.1.sm_70.ptx 3766 : 64740 388440 0 0 0 0 0 0 0 
histo.1.sm_70.ptx 3767 : 64740 388440 0 0 0 0 0 0 0 
histo.1.sm_70.ptx 3768 : 64740 997074 0 0 0 10140 2080 0 0 
histo.1.sm_70.ptx 3770 : 64740 1256364 0 0 0 10140 2080 0 0 
histo.1.sm_70.ptx 3773 : 64740 1267102 0 0 0 0 0 0 0 
histo.1.sm_70.ptx 3776 : 64740 4789580 0 0 0 0 0 0 0 
histo.1.sm_70.ptx 3779 : 64740 4802292 0 0 0 0 0 0 0 
histo.1.sm_70.ptx 3783 : 64740 582660 0 0 0 0 0 0 0 
histo.1.sm_70.ptx 3784 : 64740 582660 0 0 0 0 0 0 0 
histo.1.sm_70.ptx 3785 : 64740 145390180 515840 0 0 18200 2080 0 0 
histo.1.sm_70.ptx 3786 : 64740 582660 0 0 0 0 0 0 0 
histo.1.sm_70.ptx 3787 : 64740 582756 0 0 0 0 0 0 0 
histo.1.sm_70.ptx 3788 : 64740 582820 0 0 0 0 0 0 0 
histo.1.sm_70.ptx 3789 : 64740 388440 0 0 0 0 0 0 0 
histo.1.sm_70.ptx 3790 : 64740 388440 0 0 0 0 0 0 0 
histo.1.sm_70.ptx 3791 : 64740 388440 0 0 0 0 0 0 0 
histo.1.sm_70.ptx 3792 : 64740 388440 0 0 0 0 0 0 0 
histo.1.sm_70.ptx 3793 : 64740 388440 0 0 0 0 0 0 0 
histo.1.sm_70.ptx 3794 : 64740 388440 0 0 0 0 0 0 0 
histo.1.sm_70.ptx 3795 : 64740 388440 0 0 0 0 0 0 0 
histo.1.sm_70.ptx 3796 : 64740 388440 0 0 0 0 0 0 0 
histo.1.sm_70.ptx 3797 : 64740 388440 0 0 0 0 0 0 0 
histo.1.sm_70.ptx 3798 : 64740 945936 0 0 0 10140 2080 0 0 
histo.1.sm_70.ptx 3800 : 64740 1212084 0 0 0 10140 2080 0 0 
histo.1.sm_70.ptx 3803 : 64740 1226930 0 0 0 0 0 0 0 
histo.1.sm_70.ptx 6272 : 43008 543168 0 0 0 0 0 0 0 
histo.1.sm_70.ptx 3806 : 64740 4855276 0 0 0 0 0 0 0 
histo.1.sm_70.ptx 6275 : 43008 688128 0 0 0 0 0 0 0 
histo.1.sm_70.ptx 3809 : 64740 4858476 0 0 0 0 0 0 0 
histo.1.sm_70.ptx 6278 : 43008 957408 0 0 0 0 0 0 0 
histo.1.sm_70.ptx 3811 : 64740 388440 0 0 0 0 0 0 0 
histo.1.sm_70.ptx 3812 : 64740 388440 0 0 0 0 0 0 0 
histo.1.sm_70.ptx 3813 : 64740 0 0 0 0 0 0 0 0 
histo.1.sm_70.ptx 3815 : 64740 582660 0 0 0 0 0 0 0 
histo.1.sm_70.ptx 3816 : 64740 582660 0 0 0 0 0 0 0 
histo.1.sm_70.ptx 3817 : 64740 582724 0 0 0 0 0 0 0 
histo.1.sm_70.ptx 3818 : 64740 582884 0 0 0 0 0 0 0 
histo.1.sm_70.ptx 3819 : 64740 388440 0 0 0 0 0 0 0 
histo.1.sm_70.ptx 3820 : 64740 388440 0 0 0 0 0 0 0 
histo.1.sm_70.ptx 3821 : 64740 388440 0 0 0 0 0 0 0 
histo.1.sm_70.ptx 3822 : 64740 388440 0 0 0 0 0 0 0 
histo.1.sm_70.ptx 3823 : 64740 388440 0 0 0 0 0 0 0 
histo.1.sm_70.ptx 3824 : 64740 388440 0 0 0 0 0 0 0 
histo.1.sm_70.ptx 3825 : 64740 388440 0 0 0 0 0 0 0 
histo.1.sm_70.ptx 3826 : 64740 388440 0 0 0 0 0 0 0 
histo.1.sm_70.ptx 3827 : 64740 388440 0 0 0 0 0 0 0 
histo.1.sm_70.ptx 3828 : 64740 915920 0 0 0 10140 2080 0 0 
histo.1.sm_70.ptx 3830 : 64740 1175530 0 0 0 10140 2080 0 0 
histo.1.sm_70.ptx 3833 : 64740 1198762 0 0 0 0 0 0 0 
histo.1.sm_70.ptx 3836 : 64740 4778886 0 0 0 0 0 0 0 
histo.1.sm_70.ptx 3839 : 64740 4782808 0 0 0 0 0 0 0 
histo.1.sm_70.ptx 3843 : 64740 582660 0 0 0 0 0 0 0 
histo.1.sm_70.ptx 3844 : 64740 582660 0 0 0 0 0 0 0 
histo.1.sm_70.ptx 3845 : 64740 146236324 520000 0 0 16250 2080 0 0 
histo.1.sm_70.ptx 3846 : 64740 582660 0 0 0 0 0 0 0 
histo.1.sm_70.ptx 3847 : 64740 582660 0 0 0 0 0 0 0 
histo.1.sm_70.ptx 3848 : 64740 582660 0 0 0 0 0 0 0 
histo.1.sm_70.ptx 3849 : 64740 388440 0 0 0 0 0 0 0 
histo.1.sm_70.ptx 3850 : 64740 388440 0 0 0 0 0 0 0 
histo.1.sm_70.ptx 3851 : 64740 388440 0 0 0 0 0 0 0 
histo.1.sm_70.ptx 3852 : 64740 388440 0 0 0 0 0 0 0 
histo.1.sm_70.ptx 3853 : 64740 388440 0 0 0 0 0 0 0 
histo.1.sm_70.ptx 3854 : 64740 388440 0 0 0 0 0 0 0 
histo.1.sm_70.ptx 3855 : 64740 388440 0 0 0 0 0 0 0 
histo.1.sm_70.ptx 3856 : 64740 388440 0 0 0 0 0 0 0 
histo.1.sm_70.ptx 3857 : 64740 388440 0 0 0 0 0 0 0 
histo.1.sm_70.ptx 3858 : 64740 866186 0 0 0 8190 2080 0 0 
histo.1.sm_70.ptx 3860 : 64740 1067930 0 0 0 8190 2080 0 0 
histo.1.sm_70.ptx 3863 : 64740 1078658 0 0 0 0 0 0 0 
histo.1.sm_70.ptx 3866 : 64740 4734172 0 0 0 0 0 0 0 
histo.1.sm_70.ptx 3869 : 64740 4742812 0 0 0 0 0 0 0 
histo.1.sm_70.ptx 3871 : 64740 388440 0 0 0 0 0 0 0 
histo.1.sm_70.ptx 3872 : 64740 388440 0 0 0 0 0 0 0 
histo.1.sm_70.ptx 3873 : 64740 0 0 0 0 0 0 0 0 
histo.1.sm_70.ptx 3875 : 64740 582806 0 0 0 0 0 0 0 
histo.1.sm_70.ptx 3876 : 64740 582660 0 0 0 0 0 0 0 
histo.1.sm_70.ptx 3877 : 64740 582660 0 0 0 0 0 0 0 
histo.1.sm_70.ptx 3878 : 64740 582660 0 0 0 0 0 0 0 
histo.1.sm_70.ptx 3879 : 64740 388440 0 0 0 0 0 0 0 
histo.1.sm_70.ptx 3880 : 64740 388440 0 0 0 0 0 0 0 
histo.1.sm_70.ptx 3881 : 64740 388440 0 0 0 0 0 0 0 
histo.1.sm_70.ptx 3882 : 64740 388440 0 0 0 0 0 0 0 
histo.1.sm_70.ptx 3883 : 64740 388440 0 0 0 0 0 0 0 
histo.1.sm_70.ptx 3884 : 64740 388440 0 0 0 0 0 0 0 
histo.1.sm_70.ptx 3885 : 64740 388440 0 0 0 0 0 0 0 
histo.1.sm_70.ptx 3886 : 64740 388440 0 0 0 0 0 0 0 
histo.1.sm_70.ptx 3887 : 64740 388440 0 0 0 0 0 0 0 
histo.1.sm_70.ptx 3888 : 64740 938454 0 0 0 10140 2080 0 0 
histo.1.sm_70.ptx 3890 : 64740 1200158 0 0 0 10140 2080 0 0 
histo.1.sm_70.ptx 3893 : 64740 1207806 0 0 0 0 0 0 0 
histo.1.sm_70.ptx 3896 : 64740 4741306 0 0 0 0 0 0 0 
histo.1.sm_70.ptx 3899 : 64740 4745274 0 0 0 0 0 0 0 
histo.1.sm_70.ptx 3971 : 64740 388440 0 0 0 0 0 0 0 
histo.1.sm_70.ptx 3999 : 64740 388440 0 0 0 0 0 0 0 
histo.1.sm_70.ptx 4052 : 64740 388440 0 0 0 0 0 0 0 
histo.1.sm_70.ptx 4055 : 64740 582660 0 0 0 0 0 0 0 
histo.1.sm_70.ptx 4064 : 64740 388440 0 0 0 0 0 0 0 
histo.1.sm_70.ptx 4065 : 64740 388440 0 0 0 0 0 0 0 
histo.1.sm_70.ptx 6271 : 43008 476960 0 0 0 0 0 0 0 
histo.1.sm_70.ptx 6273 : 43008 681376 0 0 0 0 0 0 0 
histo.1.sm_70.ptx 6274 : 43008 688128 0 0 0 0 0 0 0 
histo.1.sm_70.ptx 6276 : 43008 688128 0 0 0 0 0 0 0 
histo.1.sm_70.ptx 6277 : 43008 684352 0 0 0 0 0 0 0 
histo.1.sm_70.ptx 6279 : 43008 269152 0 0 0 0 0 0 0 
