kernel line : count latency dram_traffic smem_bk_conflicts smem_warp gmem_access_generated gmem_warp exposed_latency warp_divergence
main.1.sm_70.ptx 1755 : 12 36 0 0 0 0 0 0 0 
main.1.sm_70.ptx 1752 : 12 36 0 0 0 12 12 0 0 
main.1.sm_70.ptx 1749 : 12 36 0 0 0 12 12 0 0 
main.1.sm_70.ptx 1747 : 12 108 0 0 0 0 0 0 0 
main.1.sm_70.ptx 1746 : 12 72 0 0 0 0 0 0 0 
main.1.sm_70.ptx 1745 : 12 60 0 0 0 0 0 0 0 
main.1.sm_70.ptx 1744 : 12 108 0 0 0 0 0 0 0 
main.1.sm_70.ptx 1743 : 12 120 0 0 0 0 0 0 0 
main.1.sm_70.ptx 1742 : 12 60 0 0 0 0 0 0 0 
main.1.sm_70.ptx 1741 : 12 120 0 0 0 0 0 0 0 
main.1.sm_70.ptx 1740 : 12 60 0 0 0 0 0 0 0 
main.1.sm_70.ptx 1739 : 12 60 0 0 0 0 0 0 0 
main.1.sm_70.ptx 1738 : 12 60 0 0 0 0 0 0 0 
main.1.sm_70.ptx 1737 : 12 60 0 0 0 0 0 0 0 
main.1.sm_70.ptx 1759 : 3072 15360 0 0 0 0 0 0 0 
main.1.sm_70.ptx 1734 : 12 60 0 0 0 0 0 0 0 
main.1.sm_70.ptx 1733 : 3072 15300 0 0 0 0 0 0 12 
main.1.sm_70.ptx 1732 : 3072 81248 0 0 0 0 0 0 0 
main.1.sm_70.ptx 1730 : 3072 1196544 0 0 0 0 0 0 0 
main.1.sm_70.ptx 1727 : 3072 1221600 0 0 0 3072 96 0 0 
main.1.sm_70.ptx 1725 : 3072 279296 0 0 0 0 0 0 0 
main.1.sm_70.ptx 1724 : 3072 1287424 0 0 0 3072 96 0 0 
main.1.sm_70.ptx 1722 : 3072 1236640 0 0 0 3072 96 0 0 
main.1.sm_70.ptx 1720 : 3072 296064 0 0 0 0 0 0 0 
main.1.sm_70.ptx 1719 : 3072 1293120 0 0 0 3072 96 0 0 
main.1.sm_70.ptx 1717 : 3072 1223840 0 0 0 3072 96 0 0 
main.1.sm_70.ptx 1715 : 3072 300544 0 0 0 0 0 0 0 
main.1.sm_70.ptx 1714 : 3072 1270752 0 0 0 3072 96 0 0 
main.1.sm_70.ptx 1712 : 3072 1206176 0 0 0 3072 96 0 0 
main.1.sm_70.ptx 1710 : 3072 293376 0 0 0 0 0 0 0 
main.1.sm_70.ptx 1709 : 3072 1238464 0 0 0 3072 96 0 0 
main.1.sm_70.ptx 1707 : 3072 1161248 0 0 0 3072 96 0 0 
main.1.sm_70.ptx 1705 : 3072 282016 0 0 0 0 0 0 0 
main.1.sm_70.ptx 1704 : 3072 1189504 0 0 0 3072 96 0 0 
main.1.sm_70.ptx 1702 : 3072 1117696 0 0 0 3072 96 0 0 
main.1.sm_70.ptx 1700 : 3072 259072 0 0 0 0 0 0 0 
main.1.sm_70.ptx 1699 : 3072 1136544 0 0 0 3072 96 0 0 
main.1.sm_70.ptx 1697 : 3072 1054976 0 0 0 3072 96 0 0 
main.1.sm_70.ptx 1695 : 3072 211232 0 0 0 0 0 0 0 
main.1.sm_70.ptx 1694 : 3072 1036928 0 0 0 3072 96 0 0 
main.1.sm_70.ptx 1692 : 3072 959936 0 0 0 3072 96 0 0 
main.1.sm_70.ptx 1690 : 3072 206304 0 0 0 0 0 0 0 
main.1.sm_70.ptx 1689 : 3072 938624 0 0 0 3072 96 0 0 
main.1.sm_70.ptx 1687 : 3072 862016 0 0 0 3072 96 0 0 
main.1.sm_70.ptx 1685 : 3072 145248 0 0 0 0 0 0 0 
main.1.sm_70.ptx 1684 : 3072 114944 0 0 0 0 0 0 0 
main.1.sm_70.ptx 1683 : 3072 793408 0 0 0 3072 96 0 0 
main.1.sm_70.ptx 1682 : 3072 79904 0 0 0 0 0 0 0 
main.1.sm_70.ptx 1681 : 3072 51712 0 0 0 0 0 0 0 
main.1.sm_70.ptx 1680 : 3072 61088 0 0 0 0 0 0 0 
main.1.sm_70.ptx 1679 : 3072 82080 0 0 0 0 0 0 0 
main.1.sm_70.ptx 1678 : 3072 26304 0 0 0 0 0 0 0 
main.1.sm_70.ptx 1677 : 3072 81248 0 0 0 0 0 0 0 
main.1.sm_70.ptx 1676 : 3072 52416 0 0 0 0 0 0 0 
main.1.sm_70.ptx 1675 : 3072 34368 0 0 0 0 0 0 0 
main.1.sm_70.ptx 1674 : 3072 29920 0 0 0 0 0 0 0 
main.1.sm_70.ptx 1673 : 3072 56896 0 0 0 0 0 0 0 
main.1.sm_70.ptx 1672 : 3072 440160 0 0 0 0 0 0 0 
main.1.sm_70.ptx 1671 : 3072 80480 0 0 0 0 0 0 0 
main.1.sm_70.ptx 1670 : 3072 20288 0 0 0 0 0 0 0 
main.1.sm_70.ptx 1669 : 3072 529472 0 0 0 0 0 0 0 
main.1.sm_70.ptx 1668 : 3072 107904 0 0 0 0 0 0 0 
main.1.sm_70.ptx 1667 : 3072 47680 0 0 0 0 0 0 0 
main.1.sm_70.ptx 1666 : 3072 33024 0 0 0 0 0 0 0 
main.1.sm_70.ptx 1664 : 3072 0 0 0 0 0 0 0 0 
main.1.sm_70.ptx 1663 : 3072 54720 0 0 0 0 0 0 0 
main.1.sm_70.ptx 1662 : 3072 781280 0 0 0 3072 96 0 0 
main.1.sm_70.ptx 1661 : 3072 18464 0 0 0 0 0 0 0 
main.1.sm_70.ptx 1660 : 3072 216032 0 0 0 0 0 0 0 
main.1.sm_70.ptx 1658 : 3072 0 0 0 0 0 0 0 0 
main.1.sm_70.ptx 1657 : 3072 26432 0 0 0 0 0 0 0 
main.1.sm_70.ptx 1656 : 3072 265408 0 0 0 0 0 0 0 
main.1.sm_70.ptx 1654 : 49152 240736 0 0 0 0 0 0 0 
main.1.sm_70.ptx 1653 : 49152 308320 0 0 0 0 0 0 0 
main.1.sm_70.ptx 1652 : 49152 478208 0 0 0 0 0 0 0 
main.1.sm_70.ptx 1649 : 3072 29242 0 0 0 0 0 0 0 
main.1.sm_70.ptx 1648 : 3072 28788 0 0 0 0 0 0 0 
main.1.sm_70.ptx 1647 : 3072 29144 0 0 0 0 0 0 0 
main.1.sm_70.ptx 1646 : 3072 28870 0 0 0 0 0 0 0 
main.1.sm_70.ptx 1645 : 3072 28630 0 0 0 0 0 0 0 
main.1.sm_70.ptx 1644 : 3072 28666 0 0 0 0 0 0 0 
main.1.sm_70.ptx 1643 : 3072 28786 0 0 0 0 0 0 0 
main.1.sm_70.ptx 1642 : 3072 28070 0 0 0 0 0 0 0 
main.1.sm_70.ptx 1640 : 49152 259350 0 0 0 0 0 0 1536 
main.1.sm_70.ptx 1639 : 49152 302880 0 0 0 0 0 0 0 
main.1.sm_70.ptx 1638 : 49152 328352 0 0 0 0 0 0 0 
main.1.sm_70.ptx 1637 : 49152 1310880 0 0 0 0 0 0 0 
main.1.sm_70.ptx 1636 : 49152 260480 0 0 0 0 0 0 0 
main.1.sm_70.ptx 1635 : 49152 316448 0 0 0 0 0 0 0 
main.1.sm_70.ptx 1634 : 49152 1303840 0 0 0 0 0 0 0 
main.1.sm_70.ptx 1633 : 49152 264704 0 0 0 0 0 0 0 
main.1.sm_70.ptx 1632 : 49152 316160 0 0 0 0 0 0 0 
main.1.sm_70.ptx 1631 : 49152 1299840 0 0 0 0 0 0 0 
main.1.sm_70.ptx 1630 : 49152 259712 0 0 0 0 0 0 0 
main.1.sm_70.ptx 1629 : 49152 304416 0 0 0 0 0 0 0 
main.1.sm_70.ptx 1628 : 49152 1300800 0 0 0 0 0 0 0 
main.1.sm_70.ptx 1627 : 49152 259776 0 0 0 0 0 0 0 
main.1.sm_70.ptx 1626 : 49152 321472 0 0 0 0 0 0 0 
main.1.sm_70.ptx 1625 : 49152 1289920 0 0 0 0 0 0 0 
main.1.sm_70.ptx 1624 : 49152 260896 0 0 0 0 0 0 0 
main.1.sm_70.ptx 1623 : 49152 304960 0 0 0 0 0 0 0 
main.1.sm_70.ptx 1622 : 49152 1287936 0 0 0 0 0 0 0 
main.1.sm_70.ptx 1621 : 49152 257376 0 0 0 0 0 0 0 
main.1.sm_70.ptx 1620 : 49152 300864 0 0 0 0 0 0 0 
main.1.sm_70.ptx 1619 : 49152 1279488 0 0 0 0 0 0 0 
main.1.sm_70.ptx 1618 : 49152 256992 0 0 0 0 0 0 0 
main.1.sm_70.ptx 1617 : 49152 295680 0 0 0 0 0 0 0 
main.1.sm_70.ptx 1616 : 49152 1284000 0 0 0 0 0 0 0 
main.1.sm_70.ptx 1615 : 49152 257792 0 0 0 0 0 0 0 
main.1.sm_70.ptx 1614 : 49152 443616 0 0 0 0 0 0 0 
main.1.sm_70.ptx 1613 : 49152 296128 0 0 0 0 0 0 0 
main.1.sm_70.ptx 1612 : 49152 1281984 0 0 0 0 0 0 0 
main.1.sm_70.ptx 1611 : 49152 256672 0 0 0 0 0 0 0 
main.1.sm_70.ptx 1610 : 49152 443072 0 0 0 0 0 0 0 
main.1.sm_70.ptx 1609 : 49152 295648 0 0 0 0 0 0 0 
main.1.sm_70.ptx 1608 : 49152 1282912 0 0 0 0 0 0 0 
main.1.sm_70.ptx 1607 : 49152 258272 0 0 0 0 0 0 0 
main.1.sm_70.ptx 1606 : 49152 446880 0 0 0 0 0 0 0 
main.1.sm_70.ptx 1605 : 49152 295648 0 0 0 0 0 0 0 
main.1.sm_70.ptx 1604 : 49152 1284384 0 0 0 0 0 0 0 
main.1.sm_70.ptx 1603 : 49152 253312 0 0 0 0 0 0 0 
main.1.sm_70.ptx 1602 : 49152 443168 0 0 0 0 0 0 0 
main.1.sm_70.ptx 1601 : 49152 298560 0 0 0 0 0 0 0 
main.1.sm_70.ptx 1600 : 49152 1282560 0 0 0 0 0 0 0 
main.1.sm_70.ptx 1599 : 49152 254016 0 0 0 0 0 0 0 
main.1.sm_70.ptx 1598 : 49152 442944 0 0 0 0 0 0 0 
main.1.sm_70.ptx 1597 : 49152 295616 0 0 0 0 0 0 0 
main.1.sm_70.ptx 1596 : 49152 1282560 0 0 0 0 0 0 0 
main.1.sm_70.ptx 1595 : 49152 256448 0 0 0 0 0 0 0 
main.1.sm_70.ptx 1594 : 49152 443648 0 0 0 0 0 0 0 
main.1.sm_70.ptx 1593 : 49152 295712 0 0 0 0 0 0 0 
main.1.sm_70.ptx 1592 : 49152 1280928 0 0 0 0 0 0 0 
main.1.sm_70.ptx 1591 : 49152 257184 0 0 0 0 0 0 0 
main.1.sm_70.ptx 1590 : 49152 445504 0 0 0 0 0 0 0 
main.1.sm_70.ptx 1589 : 49152 296160 0 0 0 0 0 0 0 
main.1.sm_70.ptx 1588 : 49152 1282304 0 0 0 0 0 0 0 
main.1.sm_70.ptx 1587 : 49152 260416 0 0 0 0 0 0 0 
main.1.sm_70.ptx 1586 : 49152 443392 0 0 0 0 0 0 0 
main.1.sm_70.ptx 1585 : 49152 298240 0 0 0 0 0 0 0 
main.1.sm_70.ptx 1584 : 49152 1282368 0 0 0 0 0 0 0 
main.1.sm_70.ptx 1583 : 49152 254688 0 0 0 0 0 0 0 
main.1.sm_70.ptx 1582 : 49152 443264 0 0 0 0 0 0 0 
main.1.sm_70.ptx 1581 : 49152 297056 0 0 0 0 0 0 0 
main.1.sm_70.ptx 1580 : 49152 445440 0 0 0 0 0 0 0 
main.1.sm_70.ptx 1579 : 49152 296192 0 0 0 0 0 0 0 
main.1.sm_70.ptx 1578 : 49152 444896 0 0 0 0 0 0 0 
main.1.sm_70.ptx 1577 : 49152 296544 0 0 0 0 0 0 0 
main.1.sm_70.ptx 1576 : 49152 443520 0 0 0 0 0 0 0 
main.1.sm_70.ptx 1575 : 49152 296864 0 0 0 0 0 0 0 
main.1.sm_70.ptx 1574 : 49152 443360 0 0 0 0 0 0 0 
main.1.sm_70.ptx 1573 : 49152 295680 0 0 0 0 0 0 0 
main.1.sm_70.ptx 1572 : 49152 443392 0 0 0 0 0 0 0 
main.1.sm_70.ptx 1571 : 49152 295520 0 0 0 0 0 0 0 
main.1.sm_70.ptx 1570 : 49152 448192 0 0 0 0 0 0 0 
main.1.sm_70.ptx 1569 : 49152 295712 0 0 0 0 0 0 0 
main.1.sm_70.ptx 1568 : 49152 443328 0 0 0 0 0 0 0 
main.1.sm_70.ptx 1567 : 49152 297600 0 0 0 0 0 0 0 
main.1.sm_70.ptx 1566 : 49152 442816 0 0 0 0 0 0 0 
main.1.sm_70.ptx 1565 : 49152 300864 0 0 0 0 0 0 0 
main.1.sm_70.ptx 1564 : 49152 443040 0 0 0 0 0 0 0 
main.1.sm_70.ptx 1563 : 49152 300416 0 0 0 0 0 0 0 
main.1.sm_70.ptx 1562 : 49152 448832 0 0 0 0 0 0 0 
main.1.sm_70.ptx 1561 : 49152 295712 0 0 0 0 0 0 0 
main.1.sm_70.ptx 1560 : 49152 457152 0 0 0 0 0 0 0 
main.1.sm_70.ptx 1559 : 49152 304704 0 0 0 0 0 0 0 
main.1.sm_70.ptx 1558 : 49152 456960 0 0 0 0 0 0 0 
main.1.sm_70.ptx 1557 : 49152 299360 0 0 0 0 0 0 0 
main.1.sm_70.ptx 1556 : 49152 448416 0 0 0 0 0 0 0 
main.1.sm_70.ptx 1555 : 49152 297888 0 0 0 0 0 0 0 
main.1.sm_70.ptx 1554 : 49152 444640 0 0 0 0 0 0 0 
main.1.sm_70.ptx 1553 : 49152 310944 0 0 0 0 0 0 0 
main.1.sm_70.ptx 1552 : 49152 451168 0 0 0 0 0 0 0 
main.1.sm_70.ptx 1551 : 49152 299488 0 0 0 0 0 0 0 
main.1.sm_70.ptx 1550 : 49152 466848 0 0 0 0 0 0 0 
main.1.sm_70.ptx 1549 : 49152 296320 0 0 0 0 0 0 0 
main.1.sm_70.ptx 1548 : 49152 450784 0 0 0 0 0 0 0 
main.1.sm_70.ptx 1547 : 49152 315744 0 0 0 0 0 0 0 
main.1.sm_70.ptx 1546 : 49152 453536 0 0 0 0 0 0 0 
main.1.sm_70.ptx 1545 : 49152 305024 0 0 0 0 0 0 0 
main.1.sm_70.ptx 1544 : 49152 448832 0 0 0 0 0 0 0 
main.1.sm_70.ptx 1543 : 49152 304064 0 0 0 0 0 0 0 
main.1.sm_70.ptx 1542 : 49152 453760 0 0 0 0 0 0 0 
main.1.sm_70.ptx 1541 : 49152 319456 0 0 0 0 0 0 0 
main.1.sm_70.ptx 1540 : 49152 453600 0 0 0 0 0 0 0 
main.1.sm_70.ptx 1539 : 49152 313984 0 0 0 0 0 0 0 
main.1.sm_70.ptx 1538 : 49152 456320 0 0 0 0 0 0 0 
main.1.sm_70.ptx 1537 : 49152 299392 0 0 0 0 0 0 0 
main.1.sm_70.ptx 1536 : 49152 452096 0 0 0 0 0 0 0 
main.1.sm_70.ptx 1535 : 49152 301472 0 0 0 0 0 0 0 
main.1.sm_70.ptx 1534 : 49152 460672 0 0 0 0 0 0 0 
main.1.sm_70.ptx 1533 : 49152 300928 0 0 0 0 0 0 0 
main.1.sm_70.ptx 1532 : 49152 446624 0 0 0 0 0 0 0 
main.1.sm_70.ptx 1531 : 49152 307008 0 0 0 0 0 0 0 
main.1.sm_70.ptx 1530 : 49152 444928 0 0 0 0 0 0 0 
main.1.sm_70.ptx 1529 : 49152 302848 0 0 0 0 0 0 0 
main.1.sm_70.ptx 1528 : 49152 446368 0 0 0 0 0 0 0 
main.1.sm_70.ptx 1527 : 49152 297984 0 0 0 0 0 0 0 
main.1.sm_70.ptx 1526 : 49152 446272 0 0 0 0 0 0 0 
main.1.sm_70.ptx 1525 : 49152 296032 0 0 0 0 0 0 0 
main.1.sm_70.ptx 1524 : 49152 443104 0 0 0 0 0 0 0 
main.1.sm_70.ptx 1523 : 49152 303584 0 0 0 0 0 0 0 
main.1.sm_70.ptx 1522 : 49152 451328 0 0 0 0 0 0 0 
main.1.sm_70.ptx 1521 : 49152 299968 0 0 0 0 0 0 0 
main.1.sm_70.ptx 1520 : 49152 457792 0 0 0 0 0 0 0 
main.1.sm_70.ptx 1519 : 49152 296288 0 0 0 0 0 0 0 
main.1.sm_70.ptx 1518 : 49152 253056 0 0 0 0 0 0 0 
main.1.sm_70.ptx 1517 : 49152 256032 0 0 0 0 0 0 0 
main.1.sm_70.ptx 1097 : 49152 248992 0 0 0 0 0 0 0 
main.1.sm_70.ptx 1096 : 3145728 15804352 0 0 0 0 0 0 0 
main.1.sm_70.ptx 1095 : 3145728 18933184 0 0 0 0 0 0 0 
main.1.sm_70.ptx 1094 : 3145728 28366080 0 0 0 0 0 0 0 
main.1.sm_70.ptx 1093 : 3145728 18931744 0 0 0 0 0 0 0 
main.1.sm_70.ptx 1089 : 3145728 28351968 0 0 0 0 0 0 0 
main.1.sm_70.ptx 1088 : 3145728 18913760 0 0 0 0 0 0 0 
main.1.sm_70.ptx 1087 : 3145728 25903040 0 0 0 0 0 0 0 
main.1.sm_70.ptx 1086 : 3145728 18934848 0 0 0 0 0 0 0 
main.1.sm_70.ptx 1085 : 3145728 19115872 0 0 0 0 0 0 0 
main.1.sm_70.ptx 1080 : 3145728 28356384 0 0 0 0 0 0 0 
main.1.sm_70.ptx 1079 : 3145728 18942208 0 0 0 0 0 0 0 
main.1.sm_70.ptx 1078 : 3145728 18931072 0 0 0 0 0 0 0 
main.1.sm_70.ptx 1074 : 3145728 28377088 0 0 0 0 0 0 0 
main.1.sm_70.ptx 1073 : 3145728 18920608 0 0 0 0 0 0 0 
main.1.sm_70.ptx 1072 : 3145728 25888992 0 0 0 0 0 0 0 
main.1.sm_70.ptx 1071 : 3145728 18936032 0 0 0 0 0 0 0 
main.1.sm_70.ptx 1070 : 3145728 19160160 0 0 0 0 0 0 0 
main.1.sm_70.ptx 1065 : 3145728 31514752 0 0 0 0 0 0 0 
main.1.sm_70.ptx 1064 : 3145728 18939776 0 0 0 0 0 0 0 
main.1.sm_70.ptx 1060 : 3145728 28362432 0 0 0 0 0 0 0 
main.1.sm_70.ptx 1059 : 3145728 18937536 0 0 0 0 0 0 0 
main.1.sm_70.ptx 1058 : 3145728 25935648 0 0 0 0 0 0 0 
main.1.sm_70.ptx 1057 : 3145728 18940928 0 0 0 0 0 0 0 
main.1.sm_70.ptx 1056 : 3145728 18950656 0 0 0 0 0 0 0 
main.1.sm_70.ptx 1051 : 3145728 16478880 0 0 0 0 0 0 0 
main.1.sm_70.ptx 1047 : 3145728 28369408 0 0 0 0 0 0 0 
main.1.sm_70.ptx 1046 : 3145728 18922208 0 0 0 0 0 0 0 
main.1.sm_70.ptx 1045 : 3145728 25886752 0 0 0 0 0 0 0 
main.1.sm_70.ptx 1044 : 3145728 18939424 0 0 0 0 0 0 0 
main.1.sm_70.ptx 1043 : 3145728 19107136 0 0 0 0 0 0 0 
main.1.sm_70.ptx 1038 : 3145728 31614464 0 0 0 0 0 0 0 
main.1.sm_70.ptx 1034 : 3145728 28364608 0 0 0 0 0 0 0 
main.1.sm_70.ptx 1033 : 3145728 18918912 0 0 0 0 0 0 0 
main.1.sm_70.ptx 1032 : 3145728 25837696 0 0 0 0 0 0 0 
main.1.sm_70.ptx 1031 : 3145728 18925920 0 0 0 0 0 0 0 
main.1.sm_70.ptx 1030 : 3145728 18947136 0 0 0 0 0 0 0 
main.1.sm_70.ptx 1025 : 3145728 18930144 0 0 0 0 0 0 0 
main.1.sm_70.ptx 1021 : 3145728 28369088 0 0 0 0 0 0 0 
main.1.sm_70.ptx 1020 : 3145728 18924416 0 0 0 0 0 0 0 
main.1.sm_70.ptx 1019 : 3145728 25960800 0 0 0 0 0 0 0 
main.1.sm_70.ptx 1018 : 3145728 18951648 0 0 0 0 0 0 0 
main.1.sm_70.ptx 1017 : 3145728 19142432 0 0 0 0 0 0 0 
main.1.sm_70.ptx 1009 : 3145728 28373376 0 0 0 0 0 0 0 
main.1.sm_70.ptx 1008 : 3145728 18934048 0 0 0 0 0 0 0 
main.1.sm_70.ptx 1007 : 3145728 25885024 0 0 0 0 0 0 0 
main.1.sm_70.ptx 1006 : 3145728 18932352 0 0 0 0 0 0 0 
main.1.sm_70.ptx 1005 : 3145728 18946304 0 0 0 0 0 0 0 
main.1.sm_70.ptx 1000 : 3145728 18920224 0 0 0 0 0 0 0 
main.1.sm_70.ptx 996 : 3145728 28358112 0 0 0 0 0 0 0 
main.1.sm_70.ptx 995 : 3145728 18926624 0 0 0 0 0 0 0 
main.1.sm_70.ptx 994 : 3145728 26501440 0 0 0 0 0 0 0 
main.1.sm_70.ptx 993 : 3145728 19050944 0 0 0 0 0 0 0 
main.1.sm_70.ptx 992 : 3145728 18955136 0 0 0 0 0 0 0 
main.1.sm_70.ptx 987 : 3145728 16579872 0 0 0 0 0 0 0 
main.1.sm_70.ptx 461 : 49152 304480 0 0 0 0 0 0 0 
main.1.sm_70.ptx 443 : 49152 494752 0 0 0 0 0 0 0 
main.1.sm_70.ptx 442 : 49152 301440 0 0 0 0 0 0 0 
main.1.sm_70.ptx 441 : 49152 302720 0 0 0 0 0 0 0 
main.1.sm_70.ptx 440 : 49152 447200 0 0 0 0 0 0 0 
main.1.sm_70.ptx 439 : 49152 297568 0 0 0 0 0 0 0 
main.1.sm_70.ptx 438 : 49152 495392 0 0 0 0 0 0 0 
main.1.sm_70.ptx 437 : 49152 297888 0 0 0 0 0 0 0 
main.1.sm_70.ptx 436 : 49152 297376 0 0 0 0 0 0 0 
main.1.sm_70.ptx 435 : 49152 297056 0 0 0 0 0 0 0 
main.1.sm_70.ptx 434 : 49152 297888 0 0 0 0 0 0 0 
main.1.sm_70.ptx 433 : 49152 298432 0 0 0 0 0 0 0 
main.1.sm_70.ptx 432 : 49152 302400 0 0 0 0 0 0 0 
main.1.sm_70.ptx 431 : 49152 444064 0 0 0 0 0 0 0 
main.1.sm_70.ptx 430 : 49152 300768 0 0 0 0 0 0 0 
main.1.sm_70.ptx 429 : 49152 495168 0 0 0 0 0 0 0 
main.1.sm_70.ptx 428 : 49152 300736 0 0 0 0 0 0 0 
main.1.sm_70.ptx 427 : 49152 304224 0 0 0 0 0 0 0 
main.1.sm_70.ptx 426 : 49152 494400 0 0 0 0 0 0 0 
main.1.sm_70.ptx 425 : 49152 302816 0 0 0 0 0 0 0 
main.1.sm_70.ptx 424 : 49152 304832 0 0 0 0 0 0 0 
main.1.sm_70.ptx 423 : 49152 446496 0 0 0 0 0 0 0 
main.1.sm_70.ptx 422 : 49152 298752 0 0 0 0 0 0 0 
main.1.sm_70.ptx 421 : 49152 495168 0 0 0 0 0 0 0 
main.1.sm_70.ptx 420 : 49152 297920 0 0 0 0 0 0 0 
main.1.sm_70.ptx 419 : 49152 296736 0 0 0 0 0 0 0 
main.1.sm_70.ptx 418 : 49152 297248 0 0 0 0 0 0 0 
main.1.sm_70.ptx 417 : 49152 298336 0 0 0 0 0 0 0 
main.1.sm_70.ptx 416 : 49152 297824 0 0 0 0 0 0 0 
main.1.sm_70.ptx 415 : 49152 303136 0 0 0 0 0 0 0 
main.1.sm_70.ptx 414 : 49152 445152 0 0 0 0 0 0 0 
main.1.sm_70.ptx 413 : 49152 300640 0 0 0 0 0 0 0 
main.1.sm_70.ptx 412 : 49152 493984 0 0 0 0 0 0 0 
main.1.sm_70.ptx 411 : 49152 300096 0 0 0 0 0 0 0 
main.1.sm_70.ptx 410 : 49152 302720 0 0 0 0 0 0 0 
main.1.sm_70.ptx 409 : 49152 494432 0 0 0 0 0 0 0 
main.1.sm_70.ptx 408 : 49152 302176 0 0 0 0 0 0 0 
main.1.sm_70.ptx 407 : 49152 301728 0 0 0 0 0 0 0 
main.1.sm_70.ptx 406 : 49152 446240 0 0 0 0 0 0 0 
main.1.sm_70.ptx 405 : 49152 297856 0 0 0 0 0 0 0 
main.1.sm_70.ptx 404 : 49152 495680 0 0 0 0 0 0 0 
main.1.sm_70.ptx 403 : 49152 297888 0 0 0 0 0 0 0 
main.1.sm_70.ptx 402 : 49152 297248 0 0 0 0 0 0 0 
main.1.sm_70.ptx 401 : 49152 298208 0 0 0 0 0 0 0 
main.1.sm_70.ptx 400 : 49152 298560 0 0 0 0 0 0 0 
main.1.sm_70.ptx 399 : 49152 297568 0 0 0 0 0 0 0 
main.1.sm_70.ptx 398 : 49152 302336 0 0 0 0 0 0 0 
main.1.sm_70.ptx 397 : 49152 445344 0 0 0 0 0 0 0 
main.1.sm_70.ptx 396 : 49152 302528 0 0 0 0 0 0 0 
main.1.sm_70.ptx 395 : 49152 495136 0 0 0 0 0 0 0 
main.1.sm_70.ptx 394 : 49152 302464 0 0 0 0 0 0 0 
main.1.sm_70.ptx 393 : 49152 304800 0 0 0 0 0 0 0 
main.1.sm_70.ptx 392 : 49152 494816 0 0 0 0 0 0 0 
main.1.sm_70.ptx 391 : 49152 302336 0 0 0 0 0 0 0 
main.1.sm_70.ptx 390 : 49152 304672 0 0 0 0 0 0 0 
main.1.sm_70.ptx 389 : 49152 446560 0 0 0 0 0 0 0 
main.1.sm_70.ptx 388 : 49152 298720 0 0 0 0 0 0 0 
main.1.sm_70.ptx 387 : 49152 494816 0 0 0 0 0 0 0 
main.1.sm_70.ptx 386 : 49152 297696 0 0 0 0 0 0 0 
main.1.sm_70.ptx 385 : 49152 297056 0 0 0 0 0 0 0 
main.1.sm_70.ptx 384 : 49152 298272 0 0 0 0 0 0 0 
main.1.sm_70.ptx 383 : 49152 298048 0 0 0 0 0 0 0 
main.1.sm_70.ptx 382 : 49152 297984 0 0 0 0 0 0 0 
main.1.sm_70.ptx 381 : 49152 303136 0 0 0 0 0 0 0 
main.1.sm_70.ptx 380 : 49152 445056 0 0 0 0 0 0 0 
main.1.sm_70.ptx 379 : 49152 301504 0 0 0 0 0 0 0 
main.1.sm_70.ptx 378 : 49152 495936 0 0 0 0 0 0 0 
main.1.sm_70.ptx 377 : 49152 302240 0 0 0 0 0 0 0 
main.1.sm_70.ptx 376 : 49152 304224 0 0 0 0 0 0 0 
main.1.sm_70.ptx 375 : 49152 495168 0 0 0 0 0 0 0 
main.1.sm_70.ptx 374 : 49152 303872 0 0 0 0 0 0 0 
main.1.sm_70.ptx 373 : 49152 303712 0 0 0 0 0 0 0 
main.1.sm_70.ptx 372 : 49152 446848 0 0 0 0 0 0 0 
main.1.sm_70.ptx 371 : 49152 298528 0 0 0 0 0 0 0 
main.1.sm_70.ptx 370 : 49152 495264 0 0 0 0 0 0 0 
main.1.sm_70.ptx 369 : 49152 298208 0 0 0 0 0 0 0 
main.1.sm_70.ptx 368 : 49152 297568 0 0 0 0 0 0 0 
main.1.sm_70.ptx 367 : 49152 297568 0 0 0 0 0 0 0 
main.1.sm_70.ptx 366 : 49152 298912 0 0 0 0 0 0 0 
main.1.sm_70.ptx 365 : 49152 298208 0 0 0 0 0 0 0 
main.1.sm_70.ptx 364 : 49152 303968 0 0 0 0 0 0 0 
main.1.sm_70.ptx 363 : 49152 444992 0 0 0 0 0 0 0 
main.1.sm_70.ptx 362 : 49152 301632 0 0 0 0 0 0 0 
main.1.sm_70.ptx 361 : 49152 494048 0 0 0 0 0 0 0 
main.1.sm_70.ptx 360 : 49152 300992 0 0 0 0 0 0 0 
main.1.sm_70.ptx 359 : 49152 303968 0 0 0 0 0 0 0 
main.1.sm_70.ptx 358 : 49152 494880 0 0 0 0 0 0 0 
main.1.sm_70.ptx 357 : 49152 301760 0 0 0 0 0 0 0 
main.1.sm_70.ptx 356 : 49152 303392 0 0 0 0 0 0 0 
main.1.sm_70.ptx 355 : 49152 447680 0 0 0 0 0 0 0 
main.1.sm_70.ptx 354 : 49152 298912 0 0 0 0 0 0 0 
main.1.sm_70.ptx 353 : 49152 494880 0 0 0 0 0 0 0 
main.1.sm_70.ptx 352 : 49152 297536 0 0 0 0 0 0 0 
main.1.sm_70.ptx 351 : 49152 297504 0 0 0 0 0 0 0 
main.1.sm_70.ptx 350 : 49152 297888 0 0 0 0 0 0 0 
main.1.sm_70.ptx 349 : 49152 297792 0 0 0 0 0 0 0 
main.1.sm_70.ptx 348 : 49152 297568 0 0 0 0 0 0 0 
main.1.sm_70.ptx 347 : 49152 302400 0 0 0 0 0 0 0 
main.1.sm_70.ptx 346 : 49152 444672 0 0 0 0 0 0 0 
main.1.sm_70.ptx 345 : 49152 301120 0 0 0 0 0 0 0 
main.1.sm_70.ptx 344 : 49152 494016 0 0 0 0 0 0 0 
main.1.sm_70.ptx 343 : 49152 301280 0 0 0 0 0 0 0 
main.1.sm_70.ptx 342 : 49152 302880 0 0 0 0 0 0 0 
main.1.sm_70.ptx 341 : 49152 494560 0 0 0 0 0 0 0 
main.1.sm_70.ptx 340 : 49152 302784 0 0 0 0 0 0 0 
main.1.sm_70.ptx 339 : 49152 302528 0 0 0 0 0 0 0 
main.1.sm_70.ptx 338 : 49152 445280 0 0 0 0 0 0 0 
main.1.sm_70.ptx 337 : 49152 298688 0 0 0 0 0 0 0 
main.1.sm_70.ptx 336 : 49152 494784 0 0 0 0 0 0 0 
main.1.sm_70.ptx 335 : 49152 297056 0 0 0 0 0 0 0 
main.1.sm_70.ptx 334 : 49152 296736 0 0 0 0 0 0 0 
main.1.sm_70.ptx 333 : 49152 298688 0 0 0 0 0 0 0 
main.1.sm_70.ptx 332 : 49152 299136 0 0 0 0 0 0 0 
main.1.sm_70.ptx 331 : 49152 297056 0 0 0 0 0 0 0 
main.1.sm_70.ptx 330 : 49152 302496 0 0 0 0 0 0 0 
main.1.sm_70.ptx 329 : 49152 444960 0 0 0 0 0 0 0 
main.1.sm_70.ptx 328 : 49152 301216 0 0 0 0 0 0 0 
main.1.sm_70.ptx 327 : 49152 495488 0 0 0 0 0 0 0 
main.1.sm_70.ptx 326 : 49152 300192 0 0 0 0 0 0 0 
main.1.sm_70.ptx 325 : 49152 303840 0 0 0 0 0 0 0 
main.1.sm_70.ptx 324 : 49152 494720 0 0 0 0 0 0 0 
main.1.sm_70.ptx 323 : 49152 303776 0 0 0 0 0 0 0 
main.1.sm_70.ptx 322 : 49152 304032 0 0 0 0 0 0 0 
main.1.sm_70.ptx 321 : 49152 446048 0 0 0 0 0 0 0 
main.1.sm_70.ptx 320 : 49152 297760 0 0 0 0 0 0 0 
main.1.sm_70.ptx 319 : 49152 495616 0 0 0 0 0 0 0 
main.1.sm_70.ptx 318 : 49152 297632 0 0 0 0 0 0 0 
main.1.sm_70.ptx 317 : 49152 296800 0 0 0 0 0 0 0 
main.1.sm_70.ptx 316 : 49152 297664 0 0 0 0 0 0 0 
main.1.sm_70.ptx 315 : 49152 298848 0 0 0 0 0 0 0 
main.1.sm_70.ptx 314 : 49152 299232 0 0 0 0 0 0 0 
main.1.sm_70.ptx 313 : 49152 303648 0 0 0 0 0 0 0 
main.1.sm_70.ptx 312 : 49152 444960 0 0 0 0 0 0 0 
main.1.sm_70.ptx 311 : 49152 300608 0 0 0 0 0 0 0 
main.1.sm_70.ptx 310 : 49152 494880 0 0 0 0 0 0 0 
main.1.sm_70.ptx 309 : 49152 302112 0 0 0 0 0 0 0 
main.1.sm_70.ptx 308 : 49152 304416 0 0 0 0 0 0 0 
main.1.sm_70.ptx 307 : 49152 496384 0 0 0 0 0 0 0 
main.1.sm_70.ptx 306 : 49152 304320 0 0 0 0 0 0 0 
main.1.sm_70.ptx 305 : 49152 305216 0 0 0 0 0 0 0 
main.1.sm_70.ptx 304 : 49152 446784 0 0 0 0 0 0 0 
main.1.sm_70.ptx 303 : 49152 298656 0 0 0 0 0 0 0 
main.1.sm_70.ptx 302 : 49152 496000 0 0 0 0 0 0 0 
main.1.sm_70.ptx 301 : 49152 298240 0 0 0 0 0 0 0 
main.1.sm_70.ptx 300 : 49152 296576 0 0 0 0 0 0 0 
main.1.sm_70.ptx 299 : 49152 297440 0 0 0 0 0 0 0 
main.1.sm_70.ptx 298 : 49152 298464 0 0 0 0 0 0 0 
main.1.sm_70.ptx 297 : 49152 299008 0 0 0 0 0 0 0 
main.1.sm_70.ptx 296 : 49152 301280 0 0 0 0 0 0 0 
main.1.sm_70.ptx 295 : 49152 445376 0 0 0 0 0 0 0 
main.1.sm_70.ptx 294 : 49152 302816 0 0 0 0 0 0 0 
main.1.sm_70.ptx 293 : 49152 495456 0 0 0 0 0 0 0 
main.1.sm_70.ptx 292 : 49152 301440 0 0 0 0 0 0 0 
main.1.sm_70.ptx 291 : 49152 304960 0 0 0 0 0 0 0 
main.1.sm_70.ptx 290 : 49152 494528 0 0 0 0 0 0 0 
main.1.sm_70.ptx 289 : 49152 303552 0 0 0 0 0 0 0 
main.1.sm_70.ptx 288 : 49152 304352 0 0 0 0 0 0 0 
main.1.sm_70.ptx 287 : 49152 446752 0 0 0 0 0 0 0 
main.1.sm_70.ptx 286 : 49152 298848 0 0 0 0 0 0 0 
main.1.sm_70.ptx 285 : 49152 495360 0 0 0 0 0 0 0 
main.1.sm_70.ptx 284 : 49152 297632 0 0 0 0 0 0 0 
main.1.sm_70.ptx 283 : 49152 296576 0 0 0 0 0 0 0 
main.1.sm_70.ptx 282 : 49152 297152 0 0 0 0 0 0 0 
main.1.sm_70.ptx 281 : 49152 297696 0 0 0 0 0 0 0 
main.1.sm_70.ptx 280 : 49152 297632 0 0 0 0 0 0 0 
main.1.sm_70.ptx 279 : 49152 303200 0 0 0 0 0 0 0 
main.1.sm_70.ptx 278 : 49152 444832 0 0 0 0 0 0 0 
main.1.sm_70.ptx 277 : 49152 301312 0 0 0 0 0 0 0 
main.1.sm_70.ptx 276 : 49152 495520 0 0 0 0 0 0 0 
main.1.sm_70.ptx 275 : 49152 300512 0 0 0 0 0 0 0 
main.1.sm_70.ptx 274 : 49152 302080 0 0 0 0 0 0 0 
main.1.sm_70.ptx 273 : 49152 494784 0 0 0 0 0 0 0 
main.1.sm_70.ptx 272 : 49152 303584 0 0 0 0 0 0 0 
main.1.sm_70.ptx 271 : 49152 305632 0 0 0 0 0 0 0 
main.1.sm_70.ptx 270 : 49152 446432 0 0 0 0 0 0 0 
main.1.sm_70.ptx 269 : 49152 297664 0 0 0 0 0 0 0 
main.1.sm_70.ptx 268 : 49152 494592 0 0 0 0 0 0 0 
main.1.sm_70.ptx 267 : 49152 297376 0 0 0 0 0 0 0 
main.1.sm_70.ptx 266 : 49152 297408 0 0 0 0 0 0 0 
main.1.sm_70.ptx 265 : 49152 297664 0 0 0 0 0 0 0 
main.1.sm_70.ptx 264 : 49152 297760 0 0 0 0 0 0 0 
main.1.sm_70.ptx 263 : 49152 297472 0 0 0 0 0 0 0 
main.1.sm_70.ptx 262 : 49152 302912 0 0 0 0 0 0 0 
main.1.sm_70.ptx 261 : 49152 444736 0 0 0 0 0 0 0 
main.1.sm_70.ptx 260 : 49152 300128 0 0 0 0 0 0 0 
main.1.sm_70.ptx 259 : 49152 494464 0 0 0 0 0 0 0 
main.1.sm_70.ptx 258 : 49152 300704 0 0 0 0 0 0 0 
main.1.sm_70.ptx 257 : 49152 303040 0 0 0 0 0 0 0 
main.1.sm_70.ptx 256 : 49152 494688 0 0 0 0 0 0 0 
main.1.sm_70.ptx 255 : 49152 304608 0 0 0 0 0 0 0 
main.1.sm_70.ptx 254 : 49152 304288 0 0 0 0 0 0 0 
main.1.sm_70.ptx 149 : 49152 494336 0 0 0 0 0 0 0 
main.1.sm_70.ptx 972 : 3145728 16537088 0 0 0 0 0 0 0 
main.1.sm_70.ptx 131 : 49152 443840 0 0 0 0 0 0 0 
main.1.sm_70.ptx 954 : 3145728 56680864 0 0 0 0 0 0 0 
main.1.sm_70.ptx 130 : 49152 298592 0 0 0 0 0 0 0 
main.1.sm_70.ptx 953 : 3145728 18932288 0 0 0 0 0 0 0 
main.1.sm_70.ptx 129 : 49152 298080 0 0 0 0 0 0 0 
main.1.sm_70.ptx 128 : 49152 307040 0 0 0 0 0 0 0 
main.1.sm_70.ptx 127 : 49152 448960 0 0 0 0 0 0 0 
main.1.sm_70.ptx 126 : 49152 300832 0 0 0 0 0 0 0 
main.1.sm_70.ptx 949 : 3145728 28353760 0 0 0 0 0 0 0 
main.1.sm_70.ptx 125 : 49152 298656 0 0 0 0 0 0 0 
main.1.sm_70.ptx 948 : 3145728 18924992 0 0 0 0 0 0 0 
main.1.sm_70.ptx 123 : 49152 298208 0 0 0 0 0 0 0 
main.1.sm_70.ptx 946 : 3145728 18928352 0 0 0 0 0 0 0 
main.1.sm_70.ptx 121 : 49152 1299424 0 0 0 0 0 0 0 
main.1.sm_70.ptx 120 : 49152 1288640 0 0 0 0 0 0 0 
main.1.sm_70.ptx 119 : 49152 261088 0 0 0 0 0 0 0 
main.1.sm_70.ptx 118 : 49152 264960 0 0 0 0 0 0 0 
main.1.sm_70.ptx 116 : 49152 297952 0 0 0 0 0 0 0 
main.1.sm_70.ptx 114 : 49152 257536 0 0 0 0 0 0 0 
main.1.sm_70.ptx 110 : 3072 18432 0 0 0 0 0 0 0 
main.1.sm_70.ptx 933 : 3145728 18922560 0 0 0 0 0 0 0 
main.1.sm_70.ptx 109 : 3072 18432 0 0 0 0 0 0 0 
main.1.sm_70.ptx 932 : 3145728 19095264 0 0 0 0 0 0 0 
main.1.sm_70.ptx 108 : 3072 18432 0 0 0 0 0 0 0 
main.1.sm_70.ptx 107 : 3072 18432 0 0 0 0 0 0 0 
main.1.sm_70.ptx 106 : 3072 18432 0 0 0 0 0 0 0 
main.1.sm_70.ptx 105 : 3072 18432 0 0 0 0 0 0 0 
main.1.sm_70.ptx 104 : 3072 18432 0 0 0 0 0 0 0 
main.1.sm_70.ptx 927 : 3145728 28363008 0 0 0 0 0 0 0 
main.1.sm_70.ptx 103 : 3072 18432 0 0 0 0 0 0 0 
main.1.sm_70.ptx 926 : 3145728 18930656 0 0 0 0 0 0 0 
main.1.sm_70.ptx 102 : 3072 18432 0 0 0 0 0 0 0 
main.1.sm_70.ptx 925 : 3145728 80304000 0 228864 98304 0 0 0 0 
main.1.sm_70.ptx 101 : 3072 18432 0 0 0 0 0 0 0 
main.1.sm_70.ptx 924 : 3145728 28357568 0 0 0 0 0 0 0 
main.1.sm_70.ptx 100 : 3072 15936 0 0 0 0 0 0 0 
main.1.sm_70.ptx 923 : 3145728 18925408 0 0 0 0 0 0 0 
main.1.sm_70.ptx 99 : 3072 15360 0 0 0 0 0 0 0 
main.1.sm_70.ptx 922 : 3145728 18957408 0 0 0 0 0 0 0 
main.1.sm_70.ptx 96 : 12288 46080 0 0 0 0 0 0 0 
main.1.sm_70.ptx 95 : 12288 73728 0 0 0 0 0 0 0 
main.1.sm_70.ptx 94 : 12288 110592 0 0 0 0 0 0 0 
main.1.sm_70.ptx 93 : 12288 220928 0 1536 384 0 0 0 0 
main.1.sm_70.ptx 916 : 3145728 28346496 0 0 0 0 0 0 0 
main.1.sm_70.ptx 55 : 12 60 0 0 0 0 0 0 0 
main.1.sm_70.ptx 878 : 3145728 18939392 0 0 0 0 0 0 0 
main.1.sm_70.ptx 77 : 3072 18432 0 0 0 0 0 0 0 
main.1.sm_70.ptx 151 : 49152 445440 0 0 0 0 0 0 0 
main.1.sm_70.ptx 463 : 49152 494464 0 0 0 0 0 0 0 
main.1.sm_70.ptx 54 : 12 60 0 0 0 0 0 0 0 
main.1.sm_70.ptx 877 : 3145728 80877696 0 230400 98304 0 0 0 0 
main.1.sm_70.ptx 253 : 49152 446624 0 0 0 0 0 0 0 
main.1.sm_70.ptx 150 : 49152 298880 0 0 0 0 0 0 0 
main.1.sm_70.ptx 462 : 49152 301120 0 0 0 0 0 0 0 
main.1.sm_70.ptx 53 : 12 60 0 0 0 0 0 0 0 
main.1.sm_70.ptx 876 : 3145728 28349152 0 0 0 0 0 0 0 
main.1.sm_70.ptx 252 : 49152 298048 0 0 0 0 0 0 0 
main.1.sm_70.ptx 76 : 3072 18432 0 0 0 0 0 0 0 
main.1.sm_70.ptx 148 : 49152 297088 0 0 0 0 0 0 0 
main.1.sm_70.ptx 971 : 3145728 18946720 0 0 0 0 0 0 0 
main.1.sm_70.ptx 460 : 49152 494624 0 0 0 0 0 0 0 
main.1.sm_70.ptx 51 : 3072 15300 0 0 0 0 0 0 12 
main.1.sm_70.ptx 874 : 3145728 19117184 0 0 0 0 0 0 0 
main.1.sm_70.ptx 250 : 49152 297216 0 0 0 0 0 0 0 
main.1.sm_70.ptx 147 : 49152 298720 0 0 0 0 0 0 0 
main.1.sm_70.ptx 970 : 3145728 18922176 0 0 0 0 0 0 0 
main.1.sm_70.ptx 459 : 49152 301376 0 0 0 0 0 0 0 
main.1.sm_70.ptx 50 : 3072 18432 0 0 0 0 0 0 0 
main.1.sm_70.ptx 873 : 3145728 31509440 0 0 0 0 0 0 0 
main.1.sm_70.ptx 249 : 49152 297600 0 0 0 0 0 0 0 
main.1.sm_70.ptx 146 : 49152 297632 0 0 0 0 0 0 0 
main.1.sm_70.ptx 458 : 49152 302720 0 0 0 0 0 0 0 
main.1.sm_70.ptx 49 : 3072 27648 0 0 0 0 0 0 0 
main.1.sm_70.ptx 872 : 3145728 28352864 0 0 0 0 0 0 0 
main.1.sm_70.ptx 248 : 49152 297952 0 0 0 0 0 0 0 
main.1.sm_70.ptx 145 : 49152 297952 0 0 0 0 0 0 0 
main.1.sm_70.ptx 457 : 49152 446848 0 0 0 0 0 0 0 
main.1.sm_70.ptx 48 : 3072 16512 0 0 0 0 0 0 0 
main.1.sm_70.ptx 871 : 3145728 18963520 0 0 0 0 0 0 0 
main.1.sm_70.ptx 247 : 49152 298080 0 0 0 0 0 0 0 
main.1.sm_70.ptx 144 : 49152 297504 0 0 0 0 0 0 0 
main.1.sm_70.ptx 456 : 49152 296832 0 0 0 0 0 0 0 
main.1.sm_70.ptx 47 : 3072 27648 0 0 0 0 0 0 0 
main.1.sm_70.ptx 870 : 3145728 18964832 0 0 0 0 0 0 0 
main.1.sm_70.ptx 246 : 49152 298176 0 0 0 0 0 0 0 
main.1.sm_70.ptx 143 : 49152 452512 0 0 0 0 0 0 0 
main.1.sm_70.ptx 966 : 3145728 28354240 0 0 0 0 0 0 0 
main.1.sm_70.ptx 455 : 49152 495040 0 0 0 0 0 0 0 
main.1.sm_70.ptx 46 : 3072 22272 0 0 0 0 0 0 0 
main.1.sm_70.ptx 869 : 3145728 18949280 0 0 0 0 0 0 0 
main.1.sm_70.ptx 245 : 49152 302272 0 0 0 0 0 0 0 
main.1.sm_70.ptx 142 : 49152 446688 0 0 0 0 0 0 0 
main.1.sm_70.ptx 965 : 3145728 18933120 0 0 0 0 0 0 0 
main.1.sm_70.ptx 454 : 49152 298240 0 0 0 0 0 0 0 
main.1.sm_70.ptx 45 : 3072 22272 0 0 0 0 0 0 0 
main.1.sm_70.ptx 244 : 49152 444896 0 0 0 0 0 0 0 
main.1.sm_70.ptx 92 : 12288 184064 0 1536 384 0 0 0 0 
main.1.sm_70.ptx 915 : 3145728 18913408 0 0 0 0 0 0 0 
main.1.sm_70.ptx 132 : 49152 298944 0 0 0 0 0 0 0 
main.1.sm_70.ptx 955 : 3145728 31518144 0 0 0 0 0 0 0 
main.1.sm_70.ptx 444 : 49152 303712 0 0 0 0 0 0 0 
main.1.sm_70.ptx 35 : 3072 19584 0 0 0 0 0 0 0 
main.1.sm_70.ptx 234 : 49152 494912 0 0 0 0 0 0 0 
main.1.sm_70.ptx 133 : 49152 446176 0 0 0 0 0 0 0 
main.1.sm_70.ptx 956 : 3145728 56841696 0 0 0 0 0 0 0 
main.1.sm_70.ptx 445 : 49152 301856 0 0 0 0 0 0 0 
main.1.sm_70.ptx 36 : 3072 24960 0 0 0 0 0 0 0 
main.1.sm_70.ptx 235 : 49152 298176 0 0 0 0 0 0 0 
main.1.sm_70.ptx 83 : 12288 73728 0 0 0 0 0 0 0 
main.1.sm_70.ptx 906 : 3145728 80471328 0 228864 98304 0 0 0 0 
main.1.sm_70.ptx 134 : 49152 301760 0 0 0 0 0 0 0 
main.1.sm_70.ptx 957 : 3145728 17475328 0 0 0 0 0 0 0 
main.1.sm_70.ptx 446 : 49152 494304 0 0 0 0 0 0 0 
main.1.sm_70.ptx 37 : 3072 18432 0 0 0 0 0 0 0 
main.1.sm_70.ptx 236 : 49152 445376 0 0 0 0 0 0 0 
main.1.sm_70.ptx 84 : 12288 110592 0 0 0 0 0 0 0 
main.1.sm_70.ptx 907 : 3145728 31502240 0 0 0 0 0 0 0 
main.1.sm_70.ptx 135 : 49152 300352 0 0 0 0 0 0 0 
main.1.sm_70.ptx 447 : 49152 299872 0 0 0 0 0 0 0 
main.1.sm_70.ptx 38 : 3072 15744 0 0 0 0 0 0 0 
main.1.sm_70.ptx 861 : 3145728 18917312 0 0 0 0 0 0 0 
main.1.sm_70.ptx 237 : 49152 304448 0 0 0 0 0 0 0 
main.1.sm_70.ptx 85 : 12288 110592 0 0 0 0 0 0 0 
main.1.sm_70.ptx 136 : 49152 301696 0 0 0 0 0 0 0 
main.1.sm_70.ptx 448 : 49152 444704 0 0 0 0 0 0 0 
main.1.sm_70.ptx 39 : 3072 15360 0 0 0 0 0 0 0 
main.1.sm_70.ptx 862 : 3145728 18921184 0 0 0 0 0 0 0 
main.1.sm_70.ptx 238 : 49152 303104 0 0 0 0 0 0 0 
main.1.sm_70.ptx 86 : 12288 5447616 16384 0 0 6144 384 0 0 
main.1.sm_70.ptx 137 : 49152 495456 0 0 0 0 0 0 0 
main.1.sm_70.ptx 449 : 49152 302368 0 0 0 0 0 0 0 
main.1.sm_70.ptx 40 : 3072 15744 0 0 0 0 0 0 0 
main.1.sm_70.ptx 863 : 3145728 25783968 0 0 0 0 0 0 0 
main.1.sm_70.ptx 239 : 49152 495008 0 0 0 0 0 0 0 
main.1.sm_70.ptx 87 : 12288 73728 0 0 0 0 0 0 0 
main.1.sm_70.ptx 138 : 49152 304512 0 0 0 0 0 0 0 
main.1.sm_70.ptx 450 : 49152 297920 0 0 0 0 0 0 0 
main.1.sm_70.ptx 41 : 3072 18432 0 0 0 0 0 0 0 
main.1.sm_70.ptx 864 : 3145728 18914912 0 0 0 0 0 0 0 
main.1.sm_70.ptx 240 : 49152 303168 0 0 0 0 0 0 0 
main.1.sm_70.ptx 88 : 12288 61824 0 0 0 0 0 0 0 
main.1.sm_70.ptx 139 : 49152 303104 0 0 0 0 0 0 0 
main.1.sm_70.ptx 962 : 3145728 18941696 0 0 0 0 0 0 0 
main.1.sm_70.ptx 451 : 49152 298016 0 0 0 0 0 0 0 
main.1.sm_70.ptx 42 : 3072 15360 0 0 0 0 0 0 0 
main.1.sm_70.ptx 865 : 3145728 28349248 0 0 0 0 0 0 0 
main.1.sm_70.ptx 241 : 49152 301568 0 0 0 0 0 0 0 
main.1.sm_70.ptx 89 : 12288 110592 0 0 0 0 0 0 0 
main.1.sm_70.ptx 912 : 3145728 19091136 0 0 0 0 0 0 0 
main.1.sm_70.ptx 140 : 49152 496032 0 0 0 0 0 0 0 
main.1.sm_70.ptx 963 : 3145728 19015744 0 0 0 0 0 0 0 
main.1.sm_70.ptx 452 : 49152 298400 0 0 0 0 0 0 0 
main.1.sm_70.ptx 43 : 3072 15360 0 0 0 0 0 0 0 
main.1.sm_70.ptx 242 : 49152 495040 0 0 0 0 0 0 0 
main.1.sm_70.ptx 90 : 12288 110336 0 1536 384 0 0 0 0 
main.1.sm_70.ptx 913 : 3145728 18913856 0 0 0 0 0 0 0 
main.1.sm_70.ptx 141 : 49152 301536 0 0 0 0 0 0 0 
main.1.sm_70.ptx 964 : 3145728 26280256 0 0 0 0 0 0 0 
main.1.sm_70.ptx 453 : 49152 296064 0 0 0 0 0 0 0 
main.1.sm_70.ptx 44 : 3072 34560 0 0 0 0 0 0 0 
main.1.sm_70.ptx 243 : 49152 301632 0 0 0 0 0 0 0 
main.1.sm_70.ptx 91 : 12288 147200 0 1536 384 0 0 0 0 
main.1.sm_70.ptx 914 : 3145728 25673824 0 0 0 0 0 0 0 
main.1.sm_70.ptx 56 : 12 120 0 0 0 0 0 0 0 
main.1.sm_70.ptx 879 : 3145728 28359008 0 0 0 0 0 0 0 
main.1.sm_70.ptx 57 : 12 60 0 0 0 0 0 0 0 
main.1.sm_70.ptx 880 : 3145728 56788800 0 0 0 0 0 0 0 
main.1.sm_70.ptx 78 : 3072 0 0 0 0 0 0 0 0 
main.1.sm_70.ptx 80 : 3072 18432 0 0 0 0 0 0 0 
main.1.sm_70.ptx 903 : 3145728 18938560 0 0 0 0 0 0 0 
main.1.sm_70.ptx 58 : 12 132 0 0 0 0 0 0 0 
main.1.sm_70.ptx 881 : 3145728 31509888 0 0 0 0 0 0 0 
main.1.sm_70.ptx 59 : 12 108 0 0 0 0 0 0 0 
main.1.sm_70.ptx 882 : 3145728 19106240 0 0 0 0 0 0 0 
main.1.sm_70.ptx 60 : 12 60 0 0 0 0 0 0 0 
main.1.sm_70.ptx 883 : 3145728 18917088 0 0 0 0 0 0 0 
main.1.sm_70.ptx 61 : 12 72 0 0 0 0 0 0 0 
main.1.sm_70.ptx 884 : 3145728 28349920 0 0 0 0 0 0 0 
main.1.sm_70.ptx 62 : 12 108 0 0 0 0 0 0 0 
main.1.sm_70.ptx 885 : 3145728 80881216 0 236544 98304 0 0 0 0 
main.1.sm_70.ptx 63 : 12 60 0 0 0 0 0 0 0 
main.1.sm_70.ptx 886 : 3145728 18926624 0 0 0 0 0 0 0 
main.1.sm_70.ptx 65 : 12 1248 0 0 0 12 12 0 0 
main.1.sm_70.ptx 888 : 3145728 28484928 0 0 0 0 0 0 0 
main.1.sm_70.ptx 67 : 12 60 0 0 0 0 0 0 0 
main.1.sm_70.ptx 69 : 12 1188 0 0 0 12 12 0 0 
main.1.sm_70.ptx 72 : 12 1188 0 0 0 0 0 0 0 
main.1.sm_70.ptx 895 : 3145728 18924640 0 0 0 0 0 0 0 
main.1.sm_70.ptx 152 : 49152 304512 0 0 0 0 0 0 0 
main.1.sm_70.ptx 153 : 49152 302880 0 0 0 0 0 0 0 
main.1.sm_70.ptx 154 : 49152 495552 0 0 0 0 0 0 0 
main.1.sm_70.ptx 977 : 3145728 18938240 0 0 0 0 0 0 0 
main.1.sm_70.ptx 155 : 49152 303520 0 0 0 0 0 0 0 
main.1.sm_70.ptx 978 : 3145728 18951168 0 0 0 0 0 0 0 
main.1.sm_70.ptx 156 : 49152 301408 0 0 0 0 0 0 0 
main.1.sm_70.ptx 979 : 3145728 25976448 0 0 0 0 0 0 0 
main.1.sm_70.ptx 157 : 49152 497088 0 0 0 0 0 0 0 
main.1.sm_70.ptx 980 : 3145728 18936768 0 0 0 0 0 0 0 
main.1.sm_70.ptx 158 : 49152 302112 0 0 0 0 0 0 0 
main.1.sm_70.ptx 981 : 3145728 28380352 0 0 0 0 0 0 0 
main.1.sm_70.ptx 159 : 49152 444704 0 0 0 0 0 0 0 
main.1.sm_70.ptx 160 : 49152 302912 0 0 0 0 0 0 0 
main.1.sm_70.ptx 161 : 49152 297632 0 0 0 0 0 0 0 
main.1.sm_70.ptx 162 : 49152 299264 0 0 0 0 0 0 0 
main.1.sm_70.ptx 985 : 3145728 18995936 0 0 0 0 0 0 0 
main.1.sm_70.ptx 163 : 49152 297664 0 0 0 0 0 0 0 
main.1.sm_70.ptx 986 : 3145728 56703552 0 0 0 0 0 0 0 
main.1.sm_70.ptx 164 : 49152 297856 0 0 0 0 0 0 0 
main.1.sm_70.ptx 165 : 49152 297728 0 0 0 0 0 0 0 
main.1.sm_70.ptx 166 : 49152 494272 0 0 0 0 0 0 0 
main.1.sm_70.ptx 167 : 49152 299648 0 0 0 0 0 0 0 
main.1.sm_70.ptx 168 : 49152 445984 0 0 0 0 0 0 0 
main.1.sm_70.ptx 169 : 49152 303360 0 0 0 0 0 0 0 
main.1.sm_70.ptx 170 : 49152 303360 0 0 0 0 0 0 0 
main.1.sm_70.ptx 171 : 49152 495840 0 0 0 0 0 0 0 
main.1.sm_70.ptx 172 : 49152 304512 0 0 0 0 0 0 0 
main.1.sm_70.ptx 173 : 49152 302368 0 0 0 0 0 0 0 
main.1.sm_70.ptx 174 : 49152 494656 0 0 0 0 0 0 0 
main.1.sm_70.ptx 175 : 49152 301120 0 0 0 0 0 0 0 
main.1.sm_70.ptx 176 : 49152 444608 0 0 0 0 0 0 0 
main.1.sm_70.ptx 177 : 49152 302400 0 0 0 0 0 0 0 
main.1.sm_70.ptx 178 : 49152 297920 0 0 0 0 0 0 0 
main.1.sm_70.ptx 179 : 49152 298144 0 0 0 0 0 0 0 
main.1.sm_70.ptx 180 : 49152 296576 0 0 0 0 0 0 0 
main.1.sm_70.ptx 181 : 49152 296736 0 0 0 0 0 0 0 
main.1.sm_70.ptx 182 : 49152 297664 0 0 0 0 0 0 0 
main.1.sm_70.ptx 183 : 49152 494784 0 0 0 0 0 0 0 
main.1.sm_70.ptx 184 : 49152 300640 0 0 0 0 0 0 0 
main.1.sm_70.ptx 185 : 49152 445856 0 0 0 0 0 0 0 
main.1.sm_70.ptx 186 : 49152 304832 0 0 0 0 0 0 0 
main.1.sm_70.ptx 187 : 49152 302752 0 0 0 0 0 0 0 
main.1.sm_70.ptx 188 : 49152 494240 0 0 0 0 0 0 0 
main.1.sm_70.ptx 189 : 49152 304192 0 0 0 0 0 0 0 
main.1.sm_70.ptx 190 : 49152 301504 0 0 0 0 0 0 0 
main.1.sm_70.ptx 191 : 49152 494720 0 0 0 0 0 0 0 
main.1.sm_70.ptx 192 : 49152 301664 0 0 0 0 0 0 0 
main.1.sm_70.ptx 193 : 49152 444608 0 0 0 0 0 0 0 
main.1.sm_70.ptx 194 : 49152 301920 0 0 0 0 0 0 0 
main.1.sm_70.ptx 195 : 49152 297952 0 0 0 0 0 0 0 
main.1.sm_70.ptx 196 : 49152 297536 0 0 0 0 0 0 0 
main.1.sm_70.ptx 197 : 49152 297216 0 0 0 0 0 0 0 
main.1.sm_70.ptx 198 : 49152 297792 0 0 0 0 0 0 0 
main.1.sm_70.ptx 199 : 49152 297152 0 0 0 0 0 0 0 
main.1.sm_70.ptx 200 : 49152 495008 0 0 0 0 0 0 0 
main.1.sm_70.ptx 201 : 49152 298688 0 0 0 0 0 0 0 
main.1.sm_70.ptx 202 : 49152 446336 0 0 0 0 0 0 0 
main.1.sm_70.ptx 203 : 49152 304320 0 0 0 0 0 0 0 
main.1.sm_70.ptx 204 : 49152 303968 0 0 0 0 0 0 0 
main.1.sm_70.ptx 205 : 49152 495360 0 0 0 0 0 0 0 
main.1.sm_70.ptx 206 : 49152 303488 0 0 0 0 0 0 0 
main.1.sm_70.ptx 207 : 49152 302752 0 0 0 0 0 0 0 
main.1.sm_70.ptx 208 : 49152 494080 0 0 0 0 0 0 0 
main.1.sm_70.ptx 209 : 49152 300800 0 0 0 0 0 0 0 
main.1.sm_70.ptx 210 : 49152 445216 0 0 0 0 0 0 0 
main.1.sm_70.ptx 211 : 49152 302592 0 0 0 0 0 0 0 
main.1.sm_70.ptx 212 : 49152 297568 0 0 0 0 0 0 0 
main.1.sm_70.ptx 213 : 49152 298112 0 0 0 0 0 0 0 
main.1.sm_70.ptx 214 : 49152 296448 0 0 0 0 0 0 0 
main.1.sm_70.ptx 215 : 49152 297216 0 0 0 0 0 0 0 
main.1.sm_70.ptx 216 : 49152 297664 0 0 0 0 0 0 0 
main.1.sm_70.ptx 217 : 49152 494560 0 0 0 0 0 0 0 
main.1.sm_70.ptx 218 : 49152 298592 0 0 0 0 0 0 0 
main.1.sm_70.ptx 219 : 49152 446784 0 0 0 0 0 0 0 
main.1.sm_70.ptx 220 : 49152 304256 0 0 0 0 0 0 0 
main.1.sm_70.ptx 221 : 49152 303392 0 0 0 0 0 0 0 
main.1.sm_70.ptx 222 : 49152 495712 0 0 0 0 0 0 0 
main.1.sm_70.ptx 223 : 49152 304288 0 0 0 0 0 0 0 
main.1.sm_70.ptx 224 : 49152 302080 0 0 0 0 0 0 0 
main.1.sm_70.ptx 225 : 49152 494432 0 0 0 0 0 0 0 
main.1.sm_70.ptx 226 : 49152 301984 0 0 0 0 0 0 0 
main.1.sm_70.ptx 227 : 49152 444768 0 0 0 0 0 0 0 
main.1.sm_70.ptx 228 : 49152 303136 0 0 0 0 0 0 0 
main.1.sm_70.ptx 229 : 49152 297984 0 0 0 0 0 0 0 
main.1.sm_70.ptx 230 : 49152 297920 0 0 0 0 0 0 0 
main.1.sm_70.ptx 231 : 49152 297376 0 0 0 0 0 0 0 
main.1.sm_70.ptx 232 : 49152 297280 0 0 0 0 0 0 0 
main.1.sm_70.ptx 233 : 49152 297920 0 0 0 0 0 0 0 
main.1.sm_70.ptx 251 : 49152 495456 0 0 0 0 0 0 0 
main.1.sm_70.ptx 464 : 49152 300544 0 0 0 0 0 0 0 
main.1.sm_70.ptx 465 : 49152 444384 0 0 0 0 0 0 0 
main.1.sm_70.ptx 466 : 49152 302656 0 0 0 0 0 0 0 
main.1.sm_70.ptx 467 : 49152 297856 0 0 0 0 0 0 0 
main.1.sm_70.ptx 468 : 49152 298944 0 0 0 0 0 0 0 
main.1.sm_70.ptx 469 : 49152 297728 0 0 0 0 0 0 0 
main.1.sm_70.ptx 470 : 49152 297120 0 0 0 0 0 0 0 
main.1.sm_70.ptx 471 : 49152 298560 0 0 0 0 0 0 0 
main.1.sm_70.ptx 472 : 49152 495136 0 0 0 0 0 0 0 
main.1.sm_70.ptx 473 : 49152 297024 0 0 0 0 0 0 0 
main.1.sm_70.ptx 474 : 49152 445472 0 0 0 0 0 0 0 
main.1.sm_70.ptx 475 : 49152 303904 0 0 0 0 0 0 0 
main.1.sm_70.ptx 476 : 49152 302528 0 0 0 0 0 0 0 
main.1.sm_70.ptx 477 : 49152 495040 0 0 0 0 0 0 0 
main.1.sm_70.ptx 478 : 49152 303552 0 0 0 0 0 0 0 
main.1.sm_70.ptx 479 : 49152 301216 0 0 0 0 0 0 0 
main.1.sm_70.ptx 480 : 49152 494432 0 0 0 0 0 0 0 
main.1.sm_70.ptx 481 : 49152 301312 0 0 0 0 0 0 0 
main.1.sm_70.ptx 482 : 49152 444256 0 0 0 0 0 0 0 
main.1.sm_70.ptx 483 : 49152 301344 0 0 0 0 0 0 0 
main.1.sm_70.ptx 484 : 49152 298080 0 0 0 0 0 0 0 
main.1.sm_70.ptx 485 : 49152 298848 0 0 0 0 0 0 0 
main.1.sm_70.ptx 486 : 49152 297088 0 0 0 0 0 0 0 
main.1.sm_70.ptx 487 : 49152 296896 0 0 0 0 0 0 0 
main.1.sm_70.ptx 488 : 49152 298208 0 0 0 0 0 0 0 
main.1.sm_70.ptx 489 : 49152 495520 0 0 0 0 0 0 0 
main.1.sm_70.ptx 490 : 49152 298016 0 0 0 0 0 0 0 
main.1.sm_70.ptx 491 : 49152 445824 0 0 0 0 0 0 0 
main.1.sm_70.ptx 492 : 49152 302752 0 0 0 0 0 0 0 
main.1.sm_70.ptx 493 : 49152 301952 0 0 0 0 0 0 0 
main.1.sm_70.ptx 494 : 49152 494624 0 0 0 0 0 0 0 
main.1.sm_70.ptx 495 : 49152 303744 0 0 0 0 0 0 0 
main.1.sm_70.ptx 496 : 49152 302560 0 0 0 0 0 0 0 
main.1.sm_70.ptx 497 : 49152 493632 0 0 0 0 0 0 0 
main.1.sm_70.ptx 498 : 49152 300032 0 0 0 0 0 0 0 
main.1.sm_70.ptx 499 : 49152 443936 0 0 0 0 0 0 0 
main.1.sm_70.ptx 500 : 49152 301568 0 0 0 0 0 0 0 
main.1.sm_70.ptx 501 : 49152 298368 0 0 0 0 0 0 0 
main.1.sm_70.ptx 502 : 49152 298368 0 0 0 0 0 0 0 
main.1.sm_70.ptx 503 : 49152 297408 0 0 0 0 0 0 0 
main.1.sm_70.ptx 504 : 49152 296576 0 0 0 0 0 0 0 
main.1.sm_70.ptx 505 : 49152 297696 0 0 0 0 0 0 0 
main.1.sm_70.ptx 506 : 49152 494048 0 0 0 0 0 0 0 
main.1.sm_70.ptx 507 : 49152 297856 0 0 0 0 0 0 0 
main.1.sm_70.ptx 508 : 49152 444736 0 0 0 0 0 0 0 
main.1.sm_70.ptx 509 : 49152 302816 0 0 0 0 0 0 0 
main.1.sm_70.ptx 510 : 49152 301152 0 0 0 0 0 0 0 
main.1.sm_70.ptx 511 : 49152 494240 0 0 0 0 0 0 0 
main.1.sm_70.ptx 512 : 49152 303232 0 0 0 0 0 0 0 
main.1.sm_70.ptx 513 : 49152 301728 0 0 0 0 0 0 0 
main.1.sm_70.ptx 514 : 49152 495104 0 0 0 0 0 0 0 
main.1.sm_70.ptx 515 : 49152 299328 0 0 0 0 0 0 0 
main.1.sm_70.ptx 516 : 49152 444032 0 0 0 0 0 0 0 
main.1.sm_70.ptx 517 : 49152 302048 0 0 0 0 0 0 0 
main.1.sm_70.ptx 518 : 49152 298144 0 0 0 0 0 0 0 
main.1.sm_70.ptx 519 : 49152 297920 0 0 0 0 0 0 0 
main.1.sm_70.ptx 520 : 49152 297728 0 0 0 0 0 0 0 
main.1.sm_70.ptx 521 : 49152 296576 0 0 0 0 0 0 0 
main.1.sm_70.ptx 522 : 49152 297632 0 0 0 0 0 0 0 
main.1.sm_70.ptx 523 : 49152 495328 0 0 0 0 0 0 0 
main.1.sm_70.ptx 524 : 49152 297632 0 0 0 0 0 0 0 
main.1.sm_70.ptx 525 : 49152 445056 0 0 0 0 0 0 0 
main.1.sm_70.ptx 526 : 49152 303648 0 0 0 0 0 0 0 
main.1.sm_70.ptx 527 : 49152 300832 0 0 0 0 0 0 0 
main.1.sm_70.ptx 528 : 49152 494336 0 0 0 0 0 0 0 
main.1.sm_70.ptx 529 : 49152 304160 0 0 0 0 0 0 0 
main.1.sm_70.ptx 530 : 49152 300256 0 0 0 0 0 0 0 
main.1.sm_70.ptx 531 : 49152 494208 0 0 0 0 0 0 0 
main.1.sm_70.ptx 532 : 49152 300256 0 0 0 0 0 0 0 
main.1.sm_70.ptx 533 : 49152 444192 0 0 0 0 0 0 0 
main.1.sm_70.ptx 534 : 49152 300704 0 0 0 0 0 0 0 
main.1.sm_70.ptx 535 : 49152 297856 0 0 0 0 0 0 0 
main.1.sm_70.ptx 536 : 49152 297664 0 0 0 0 0 0 0 
main.1.sm_70.ptx 537 : 49152 298080 0 0 0 0 0 0 0 
main.1.sm_70.ptx 538 : 49152 296480 0 0 0 0 0 0 0 
main.1.sm_70.ptx 539 : 49152 297696 0 0 0 0 0 0 0 
main.1.sm_70.ptx 540 : 49152 494240 0 0 0 0 0 0 0 
main.1.sm_70.ptx 541 : 49152 296928 0 0 0 0 0 0 0 
main.1.sm_70.ptx 542 : 49152 446208 0 0 0 0 0 0 0 
main.1.sm_70.ptx 543 : 49152 303136 0 0 0 0 0 0 0 
main.1.sm_70.ptx 544 : 49152 301408 0 0 0 0 0 0 0 
main.1.sm_70.ptx 545 : 49152 494688 0 0 0 0 0 0 0 
main.1.sm_70.ptx 546 : 49152 302912 0 0 0 0 0 0 0 
main.1.sm_70.ptx 547 : 49152 300320 0 0 0 0 0 0 0 
main.1.sm_70.ptx 548 : 49152 494144 0 0 0 0 0 0 0 
main.1.sm_70.ptx 549 : 49152 301056 0 0 0 0 0 0 0 
main.1.sm_70.ptx 550 : 49152 443968 0 0 0 0 0 0 0 
main.1.sm_70.ptx 551 : 49152 302624 0 0 0 0 0 0 0 
main.1.sm_70.ptx 552 : 49152 298336 0 0 0 0 0 0 0 
main.1.sm_70.ptx 553 : 49152 298752 0 0 0 0 0 0 0 
main.1.sm_70.ptx 554 : 49152 297984 0 0 0 0 0 0 0 
main.1.sm_70.ptx 555 : 49152 297376 0 0 0 0 0 0 0 
main.1.sm_70.ptx 556 : 49152 297344 0 0 0 0 0 0 0 
main.1.sm_70.ptx 557 : 49152 494304 0 0 0 0 0 0 0 
main.1.sm_70.ptx 558 : 49152 298112 0 0 0 0 0 0 0 
main.1.sm_70.ptx 559 : 49152 445920 0 0 0 0 0 0 0 
main.1.sm_70.ptx 560 : 49152 302112 0 0 0 0 0 0 0 
main.1.sm_70.ptx 561 : 49152 303040 0 0 0 0 0 0 0 
main.1.sm_70.ptx 562 : 49152 494176 0 0 0 0 0 0 0 
main.1.sm_70.ptx 563 : 49152 302976 0 0 0 0 0 0 0 
main.1.sm_70.ptx 564 : 49152 300960 0 0 0 0 0 0 0 
main.1.sm_70.ptx 565 : 49152 493696 0 0 0 0 0 0 0 
main.1.sm_70.ptx 566 : 49152 299552 0 0 0 0 0 0 0 
main.1.sm_70.ptx 567 : 49152 444608 0 0 0 0 0 0 0 
main.1.sm_70.ptx 568 : 49152 300448 0 0 0 0 0 0 0 
main.1.sm_70.ptx 569 : 49152 296992 0 0 0 0 0 0 0 
main.1.sm_70.ptx 570 : 49152 298240 0 0 0 0 0 0 0 
main.1.sm_70.ptx 571 : 49152 297536 0 0 0 0 0 0 0 
main.1.sm_70.ptx 572 : 49152 296800 0 0 0 0 0 0 0 
main.1.sm_70.ptx 573 : 49152 298016 0 0 0 0 0 0 0 
main.1.sm_70.ptx 574 : 49152 494688 0 0 0 0 0 0 0 
main.1.sm_70.ptx 575 : 49152 297696 0 0 0 0 0 0 0 
main.1.sm_70.ptx 576 : 49152 445248 0 0 0 0 0 0 0 
main.1.sm_70.ptx 577 : 49152 302944 0 0 0 0 0 0 0 
main.1.sm_70.ptx 578 : 49152 302208 0 0 0 0 0 0 0 
main.1.sm_70.ptx 579 : 49152 494080 0 0 0 0 0 0 0 
main.1.sm_70.ptx 580 : 49152 303872 0 0 0 0 0 0 0 
main.1.sm_70.ptx 581 : 49152 300512 0 0 0 0 0 0 0 
main.1.sm_70.ptx 582 : 49152 494304 0 0 0 0 0 0 0 
main.1.sm_70.ptx 583 : 49152 299264 0 0 0 0 0 0 0 
main.1.sm_70.ptx 584 : 49152 444352 0 0 0 0 0 0 0 
main.1.sm_70.ptx 585 : 49152 302624 0 0 0 0 0 0 0 
main.1.sm_70.ptx 586 : 49152 297664 0 0 0 0 0 0 0 
main.1.sm_70.ptx 587 : 49152 297792 0 0 0 0 0 0 0 
main.1.sm_70.ptx 588 : 49152 297696 0 0 0 0 0 0 0 
main.1.sm_70.ptx 589 : 49152 296224 0 0 0 0 0 0 0 
main.1.sm_70.ptx 590 : 49152 297088 0 0 0 0 0 0 0 
main.1.sm_70.ptx 591 : 49152 494400 0 0 0 0 0 0 0 
main.1.sm_70.ptx 592 : 49152 297472 0 0 0 0 0 0 0 
main.1.sm_70.ptx 593 : 49152 446272 0 0 0 0 0 0 0 
main.1.sm_70.ptx 594 : 49152 301408 0 0 0 0 0 0 0 
main.1.sm_70.ptx 595 : 49152 299776 0 0 0 0 0 0 0 
main.1.sm_70.ptx 596 : 49152 494240 0 0 0 0 0 0 0 
main.1.sm_70.ptx 597 : 49152 302848 0 0 0 0 0 0 0 
main.1.sm_70.ptx 598 : 49152 300640 0 0 0 0 0 0 0 
main.1.sm_70.ptx 599 : 49152 494080 0 0 0 0 0 0 0 
main.1.sm_70.ptx 600 : 49152 299392 0 0 0 0 0 0 0 
main.1.sm_70.ptx 601 : 49152 444960 0 0 0 0 0 0 0 
main.1.sm_70.ptx 602 : 49152 301760 0 0 0 0 0 0 0 
main.1.sm_70.ptx 603 : 49152 297856 0 0 0 0 0 0 0 
main.1.sm_70.ptx 604 : 49152 297952 0 0 0 0 0 0 0 
main.1.sm_70.ptx 605 : 49152 297184 0 0 0 0 0 0 0 
main.1.sm_70.ptx 606 : 49152 297056 0 0 0 0 0 0 0 
main.1.sm_70.ptx 607 : 49152 298688 0 0 0 0 0 0 0 
main.1.sm_70.ptx 608 : 49152 494176 0 0 0 0 0 0 0 
main.1.sm_70.ptx 609 : 49152 297088 0 0 0 0 0 0 0 
main.1.sm_70.ptx 610 : 49152 445600 0 0 0 0 0 0 0 
main.1.sm_70.ptx 611 : 49152 302016 0 0 0 0 0 0 0 
main.1.sm_70.ptx 612 : 49152 301568 0 0 0 0 0 0 0 
main.1.sm_70.ptx 613 : 49152 494336 0 0 0 0 0 0 0 
main.1.sm_70.ptx 614 : 49152 302944 0 0 0 0 0 0 0 
main.1.sm_70.ptx 615 : 49152 300672 0 0 0 0 0 0 0 
main.1.sm_70.ptx 616 : 49152 494400 0 0 0 0 0 0 0 
main.1.sm_70.ptx 617 : 49152 299680 0 0 0 0 0 0 0 
main.1.sm_70.ptx 618 : 49152 444256 0 0 0 0 0 0 0 
main.1.sm_70.ptx 619 : 49152 302880 0 0 0 0 0 0 0 
main.1.sm_70.ptx 620 : 49152 298176 0 0 0 0 0 0 0 
main.1.sm_70.ptx 621 : 49152 298528 0 0 0 0 0 0 0 
main.1.sm_70.ptx 622 : 49152 297056 0 0 0 0 0 0 0 
main.1.sm_70.ptx 623 : 49152 295776 0 0 0 0 0 0 0 
main.1.sm_70.ptx 624 : 49152 298464 0 0 0 0 0 0 0 
main.1.sm_70.ptx 625 : 49152 494720 0 0 0 0 0 0 0 
main.1.sm_70.ptx 626 : 49152 297984 0 0 0 0 0 0 0 
main.1.sm_70.ptx 627 : 49152 445856 0 0 0 0 0 0 0 
main.1.sm_70.ptx 628 : 49152 302944 0 0 0 0 0 0 0 
main.1.sm_70.ptx 629 : 49152 301280 0 0 0 0 0 0 0 
main.1.sm_70.ptx 630 : 49152 493504 0 0 0 0 0 0 0 
main.1.sm_70.ptx 631 : 49152 302944 0 0 0 0 0 0 0 
main.1.sm_70.ptx 632 : 49152 299744 0 0 0 0 0 0 0 
main.1.sm_70.ptx 633 : 49152 494112 0 0 0 0 0 0 0 
main.1.sm_70.ptx 634 : 49152 298080 0 0 0 0 0 0 0 
main.1.sm_70.ptx 635 : 49152 443840 0 0 0 0 0 0 0 
main.1.sm_70.ptx 636 : 49152 302688 0 0 0 0 0 0 0 
main.1.sm_70.ptx 637 : 49152 297920 0 0 0 0 0 0 0 
main.1.sm_70.ptx 638 : 49152 297600 0 0 0 0 0 0 0 
main.1.sm_70.ptx 639 : 49152 296512 0 0 0 0 0 0 0 
main.1.sm_70.ptx 640 : 49152 296736 0 0 0 0 0 0 0 
main.1.sm_70.ptx 641 : 49152 297536 0 0 0 0 0 0 0 
main.1.sm_70.ptx 642 : 49152 494752 0 0 0 0 0 0 0 
main.1.sm_70.ptx 643 : 49152 298048 0 0 0 0 0 0 0 
main.1.sm_70.ptx 644 : 49152 445504 0 0 0 0 0 0 0 
main.1.sm_70.ptx 645 : 49152 303264 0 0 0 0 0 0 0 
main.1.sm_70.ptx 646 : 49152 301536 0 0 0 0 0 0 0 
main.1.sm_70.ptx 647 : 49152 494176 0 0 0 0 0 0 0 
main.1.sm_70.ptx 648 : 49152 303264 0 0 0 0 0 0 0 
main.1.sm_70.ptx 649 : 49152 300000 0 0 0 0 0 0 0 
main.1.sm_70.ptx 650 : 49152 493696 0 0 0 0 0 0 0 
main.1.sm_70.ptx 651 : 49152 299328 0 0 0 0 0 0 0 
main.1.sm_70.ptx 652 : 49152 444736 0 0 0 0 0 0 0 
main.1.sm_70.ptx 653 : 49152 300928 0 0 0 0 0 0 0 
main.1.sm_70.ptx 654 : 49152 297728 0 0 0 0 0 0 0 
main.1.sm_70.ptx 655 : 49152 297216 0 0 0 0 0 0 0 
main.1.sm_70.ptx 656 : 49152 296640 0 0 0 0 0 0 0 
main.1.sm_70.ptx 657 : 49152 296992 0 0 0 0 0 0 0 
main.1.sm_70.ptx 658 : 49152 296640 0 0 0 0 0 0 0 
main.1.sm_70.ptx 659 : 49152 493760 0 0 0 0 0 0 0 
main.1.sm_70.ptx 660 : 49152 297792 0 0 0 0 0 0 0 
main.1.sm_70.ptx 661 : 49152 443872 0 0 0 0 0 0 0 
main.1.sm_70.ptx 662 : 49152 302688 0 0 0 0 0 0 0 
main.1.sm_70.ptx 663 : 49152 300896 0 0 0 0 0 0 0 
main.1.sm_70.ptx 664 : 49152 304160 0 0 0 0 0 0 0 
main.1.sm_70.ptx 665 : 49152 493600 0 0 0 0 0 0 0 
main.1.sm_70.ptx 666 : 49152 498208 0 0 0 0 0 0 0 
main.1.sm_70.ptx 667 : 49152 296608 0 0 0 0 0 0 0 
main.1.sm_70.ptx 668 : 49152 444256 0 0 0 0 0 0 0 
main.1.sm_70.ptx 669 : 49152 300160 0 0 0 0 0 0 0 
main.1.sm_70.ptx 670 : 49152 296992 0 0 0 0 0 0 0 
main.1.sm_70.ptx 671 : 49152 297248 0 0 0 0 0 0 0 
main.1.sm_70.ptx 672 : 49152 296896 0 0 0 0 0 0 0 
main.1.sm_70.ptx 673 : 49152 296576 0 0 0 0 0 0 0 
main.1.sm_70.ptx 674 : 49152 297024 0 0 0 0 0 0 0 
main.1.sm_70.ptx 675 : 49152 493984 0 0 0 0 0 0 0 
main.1.sm_70.ptx 676 : 49152 296640 0 0 0 0 0 0 0 
main.1.sm_70.ptx 677 : 49152 444736 0 0 0 0 0 0 0 
main.1.sm_70.ptx 678 : 49152 299968 0 0 0 0 0 0 0 
main.1.sm_70.ptx 679 : 49152 298560 0 0 0 0 0 0 0 
main.1.sm_70.ptx 680 : 49152 301632 0 0 0 0 0 0 0 
main.1.sm_70.ptx 681 : 49152 257856 0 0 0 0 0 0 0 
main.1.sm_70.ptx 686 : 3145728 16076960 0 0 0 0 0 0 0 
main.1.sm_70.ptx 687 : 3145728 16032928 0 0 0 0 0 0 0 
main.1.sm_70.ptx 688 : 3145728 18931072 0 0 0 0 0 0 0 
main.1.sm_70.ptx 689 : 3145728 16508608 0 0 0 0 0 0 0 
main.1.sm_70.ptx 690 : 3145728 82241824 0 0 0 0 0 0 0 
main.1.sm_70.ptx 691 : 3145728 28353952 0 0 0 0 0 0 0 
main.1.sm_70.ptx 692 : 3145728 18927552 0 0 0 0 0 0 0 
main.1.sm_70.ptx 693 : 3145728 18929536 0 0 0 0 0 0 0 
main.1.sm_70.ptx 694 : 3145728 28362080 0 0 0 0 0 0 0 
main.1.sm_70.ptx 695 : 3145728 28357280 0 0 0 0 0 0 0 
main.1.sm_70.ptx 696 : 3145728 18922816 0 0 0 0 0 0 0 
main.1.sm_70.ptx 697 : 3145728 16440032 0 0 0 0 0 0 0 
main.1.sm_70.ptx 698 : 3145728 19298944 0 0 0 0 0 0 0 
main.1.sm_70.ptx 699 : 3145728 18915616 0 0 0 0 0 0 0 
main.1.sm_70.ptx 700 : 3145728 28367840 0 0 0 0 0 0 0 
main.1.sm_70.ptx 701 : 3145728 28348672 0 0 0 0 0 0 0 
main.1.sm_70.ptx 702 : 3145728 28353760 0 0 0 0 0 0 0 
main.1.sm_70.ptx 703 : 3145728 385829760 0 0 0 786432 98304 0 0 
main.1.sm_70.ptx 704 : 3145728 15936864 0 0 0 0 0 0 0 
main.1.sm_70.ptx 705 : 3145728 18927584 0 0 0 0 0 0 0 
main.1.sm_70.ptx 706 : 3145728 18921056 0 0 0 0 0 0 0 
main.1.sm_70.ptx 707 : 3145728 16481216 0 0 0 0 0 0 0 
main.1.sm_70.ptx 708 : 3145728 28358720 0 0 0 0 0 0 0 
main.1.sm_70.ptx 709 : 3145728 82348992 0 233472 98304 0 0 0 0 
main.1.sm_70.ptx 710 : 3145728 15901856 0 0 0 0 0 0 0 
main.1.sm_70.ptx 715 : 3145728 18927168 0 0 0 0 0 0 0 
main.1.sm_70.ptx 716 : 3145728 18928128 0 0 0 0 0 0 0 
main.1.sm_70.ptx 717 : 3145728 25883616 0 0 0 0 0 0 0 
main.1.sm_70.ptx 718 : 3145728 18915456 0 0 0 0 0 0 0 
main.1.sm_70.ptx 719 : 3145728 28356320 0 0 0 0 0 0 0 
main.1.sm_70.ptx 723 : 3145728 19015136 0 0 0 0 0 0 0 
main.1.sm_70.ptx 728 : 3145728 18936960 0 0 0 0 0 0 0 
main.1.sm_70.ptx 729 : 3145728 18917792 0 0 0 0 0 0 0 
main.1.sm_70.ptx 730 : 3145728 25812704 0 0 0 0 0 0 0 
main.1.sm_70.ptx 731 : 3145728 18918720 0 0 0 0 0 0 0 
main.1.sm_70.ptx 732 : 3145728 28355584 0 0 0 0 0 0 0 
main.1.sm_70.ptx 736 : 3145728 19098656 0 0 0 0 0 0 0 
main.1.sm_70.ptx 737 : 3145728 18915616 0 0 0 0 0 0 0 
main.1.sm_70.ptx 738 : 3145728 18919488 0 0 0 0 0 0 0 
main.1.sm_70.ptx 739 : 3145728 18908608 0 0 0 0 0 0 0 
main.1.sm_70.ptx 740 : 3145728 28352480 0 0 0 0 0 0 0 
main.1.sm_70.ptx 741 : 3145728 81220896 0 227328 98304 0 0 0 0 
main.1.sm_70.ptx 746 : 3145728 18905696 0 0 0 0 0 0 0 
main.1.sm_70.ptx 747 : 3145728 18909248 0 0 0 0 0 0 0 
main.1.sm_70.ptx 748 : 3145728 25726496 0 0 0 0 0 0 0 
main.1.sm_70.ptx 749 : 3145728 18908672 0 0 0 0 0 0 0 
main.1.sm_70.ptx 750 : 3145728 28354368 0 0 0 0 0 0 0 
main.1.sm_70.ptx 754 : 3145728 18916448 0 0 0 0 0 0 0 
main.1.sm_70.ptx 755 : 3145728 18924864 0 0 0 0 0 0 0 
main.1.sm_70.ptx 756 : 3145728 31541728 0 0 0 0 0 0 0 
main.1.sm_70.ptx 757 : 3145728 19060928 0 0 0 0 0 0 0 
main.1.sm_70.ptx 758 : 3145728 18917504 0 0 0 0 0 0 0 
main.1.sm_70.ptx 759 : 3145728 28353920 0 0 0 0 0 0 0 
main.1.sm_70.ptx 760 : 3145728 81444544 0 248832 98304 0 0 0 0 
main.1.sm_70.ptx 761 : 3145728 18927520 0 0 0 0 0 0 0 
main.1.sm_70.ptx 762 : 3145728 28354176 0 0 0 0 0 0 0 
main.1.sm_70.ptx 767 : 3145728 19061344 0 0 0 0 0 0 0 
main.1.sm_70.ptx 768 : 3145728 18919104 0 0 0 0 0 0 0 
main.1.sm_70.ptx 769 : 3145728 25764512 0 0 0 0 0 0 0 
main.1.sm_70.ptx 770 : 3145728 18912960 0 0 0 0 0 0 0 
main.1.sm_70.ptx 771 : 3145728 28353408 0 0 0 0 0 0 0 
main.1.sm_70.ptx 775 : 3145728 16341888 0 0 0 0 0 0 0 
main.1.sm_70.ptx 780 : 3145728 18925184 0 0 0 0 0 0 0 
main.1.sm_70.ptx 781 : 3145728 18924064 0 0 0 0 0 0 0 
main.1.sm_70.ptx 782 : 3145728 25813568 0 0 0 0 0 0 0 
main.1.sm_70.ptx 783 : 3145728 18920928 0 0 0 0 0 0 0 
main.1.sm_70.ptx 784 : 3145728 28355168 0 0 0 0 0 0 0 
main.1.sm_70.ptx 788 : 3145728 18925376 0 0 0 0 0 0 0 
main.1.sm_70.ptx 789 : 3145728 18944896 0 0 0 0 0 0 0 
main.1.sm_70.ptx 790 : 3145728 18918656 0 0 0 0 0 0 0 
main.1.sm_70.ptx 791 : 3145728 28358368 0 0 0 0 0 0 0 
main.1.sm_70.ptx 792 : 3145728 81662912 0 239616 98304 0 0 0 0 
main.1.sm_70.ptx 793 : 3145728 15913664 0 0 0 0 0 0 0 
main.1.sm_70.ptx 798 : 3145728 18928000 0 0 0 0 0 0 0 
main.1.sm_70.ptx 799 : 3145728 18926848 0 0 0 0 0 0 0 
main.1.sm_70.ptx 800 : 3145728 25837344 0 0 0 0 0 0 0 
main.1.sm_70.ptx 801 : 3145728 18915456 0 0 0 0 0 0 0 
main.1.sm_70.ptx 802 : 3145728 28346656 0 0 0 0 0 0 0 
main.1.sm_70.ptx 806 : 3145728 18998816 0 0 0 0 0 0 0 
main.1.sm_70.ptx 807 : 3145728 28466336 0 0 0 0 0 0 0 
main.1.sm_70.ptx 808 : 3145728 18932448 0 0 0 0 0 0 0 
main.1.sm_70.ptx 809 : 3145728 28363488 0 0 0 0 0 0 0 
main.1.sm_70.ptx 810 : 3145728 19080672 0 0 0 0 0 0 0 
main.1.sm_70.ptx 811 : 3145728 18928768 0 0 0 0 0 0 0 
main.1.sm_70.ptx 812 : 3145728 28361216 0 0 0 0 0 0 0 
main.1.sm_70.ptx 813 : 3145728 81633600 0 239616 98304 0 0 0 0 
main.1.sm_70.ptx 818 : 3145728 18915072 0 0 0 0 0 0 0 
main.1.sm_70.ptx 819 : 3145728 18911776 0 0 0 0 0 0 0 
main.1.sm_70.ptx 820 : 3145728 25744608 0 0 0 0 0 0 0 
main.1.sm_70.ptx 821 : 3145728 18907968 0 0 0 0 0 0 0 
main.1.sm_70.ptx 822 : 3145728 28343648 0 0 0 0 0 0 0 
main.1.sm_70.ptx 826 : 3145728 18916032 0 0 0 0 0 0 0 
main.1.sm_70.ptx 827 : 3145728 18934784 0 0 0 0 0 0 0 
main.1.sm_70.ptx 828 : 3145728 18942304 0 0 0 0 0 0 0 
main.1.sm_70.ptx 829 : 3145728 28356192 0 0 0 0 0 0 0 
main.1.sm_70.ptx 830 : 3145728 31650752 0 0 0 0 0 0 0 
main.1.sm_70.ptx 831 : 3145728 19122048 0 0 0 0 0 0 0 
main.1.sm_70.ptx 832 : 3145728 18926112 0 0 0 0 0 0 0 
main.1.sm_70.ptx 833 : 3145728 28434016 0 0 0 0 0 0 0 
main.1.sm_70.ptx 834 : 3145728 81580064 0 239616 98304 0 0 0 0 
main.1.sm_70.ptx 835 : 3145728 15890816 0 0 0 0 0 0 0 
main.1.sm_70.ptx 840 : 3145728 18918944 0 0 0 0 0 0 0 
main.1.sm_70.ptx 841 : 3145728 18931360 0 0 0 0 0 0 0 
main.1.sm_70.ptx 842 : 3145728 25863808 0 0 0 0 0 0 0 
main.1.sm_70.ptx 843 : 3145728 18913856 0 0 0 0 0 0 0 
main.1.sm_70.ptx 844 : 3145728 28354176 0 0 0 0 0 0 0 
main.1.sm_70.ptx 848 : 3145728 18924960 0 0 0 0 0 0 0 
main.1.sm_70.ptx 849 : 3145728 18940960 0 0 0 0 0 0 0 
main.1.sm_70.ptx 850 : 3145728 18928672 0 0 0 0 0 0 0 
main.1.sm_70.ptx 851 : 3145728 28358720 0 0 0 0 0 0 0 
main.1.sm_70.ptx 852 : 3145728 19094464 0 0 0 0 0 0 0 
main.1.sm_70.ptx 853 : 3145728 18927200 0 0 0 0 0 0 0 
main.1.sm_70.ptx 854 : 3145728 28355744 0 0 0 0 0 0 0 
main.1.sm_70.ptx 855 : 3145728 80406496 0 216576 98304 0 0 0 0 
main.1.sm_70.ptx 856 : 3145728 15900800 0 0 0 0 0 0 0 
main.1.sm_70.ptx 875 : 3145728 18920384 0 0 0 0 0 0 0 
main.1.sm_70.ptx 887 : 3145728 28359936 0 0 0 0 0 0 0 
main.1.sm_70.ptx 889 : 3145728 17186336 0 0 0 0 0 0 0 
main.1.sm_70.ptx 894 : 3145728 18928896 0 0 0 0 0 0 0 
main.1.sm_70.ptx 896 : 3145728 25785920 0 0 0 0 0 0 0 
main.1.sm_70.ptx 897 : 3145728 18915328 0 0 0 0 0 0 0 
main.1.sm_70.ptx 898 : 3145728 28349856 0 0 0 0 0 0 0 
main.1.sm_70.ptx 902 : 3145728 18923104 0 0 0 0 0 0 0 
main.1.sm_70.ptx 904 : 3145728 18911456 0 0 0 0 0 0 0 
main.1.sm_70.ptx 905 : 3145728 28348096 0 0 0 0 0 0 0 
main.1.sm_70.ptx 920 : 3145728 56769856 0 0 0 0 0 0 0 
main.1.sm_70.ptx 921 : 3145728 18988800 0 0 0 0 0 0 0 
main.1.sm_70.ptx 934 : 3145728 25802080 0 0 0 0 0 0 0 
main.1.sm_70.ptx 935 : 3145728 18922560 0 0 0 0 0 0 0 
main.1.sm_70.ptx 936 : 3145728 28361824 0 0 0 0 0 0 0 
main.1.sm_70.ptx 940 : 3145728 16397440 0 0 0 0 0 0 0 
main.1.sm_70.ptx 945 : 3145728 18940000 0 0 0 0 0 0 0 
main.1.sm_70.ptx 947 : 3145728 25872032 0 0 0 0 0 0 0 
