kernel line : count latency dram_traffic smem_bk_conflicts smem_warp gmem_access_generated gmem_warp exposed_latency warp_divergence
run.1.sm_70.ptx 583 : 8192 40960 0 0 0 0 0 0 0 
run.1.sm_70.ptx 574 : 18 123 0 0 0 18 18 0 0 
run.1.sm_70.ptx 573 : 18 90 0 0 0 0 0 0 0 
run.1.sm_70.ptx 571 : 18 0 0 0 0 0 0 0 0 
run.1.sm_70.ptx 570 : 18 108 0 0 0 0 0 0 0 
run.1.sm_70.ptx 569 : 18 7348 576 0 0 18 18 0 0 
run.1.sm_70.ptx 568 : 18 460 0 0 0 18 18 0 0 
run.1.sm_70.ptx 566 : 144 630 0 0 0 0 0 0 18 
run.1.sm_70.ptx 565 : 144 864 0 0 0 0 0 0 0 
run.1.sm_70.ptx 564 : 144 58184 576 0 0 18 18 0 0 
run.1.sm_70.ptx 563 : 144 1296 0 0 0 0 0 0 0 
run.1.sm_70.ptx 562 : 144 1296 0 0 0 0 0 0 0 
run.1.sm_70.ptx 561 : 144 1296 0 0 0 0 0 0 0 
run.1.sm_70.ptx 560 : 144 864 0 0 0 0 0 0 0 
run.1.sm_70.ptx 559 : 144 864 0 0 0 0 0 0 0 
run.1.sm_70.ptx 558 : 144 864 0 0 0 0 0 0 0 
run.1.sm_70.ptx 557 : 144 864 0 0 0 0 0 0 0 
run.1.sm_70.ptx 556 : 144 4048 0 0 0 18 18 0 0 
run.1.sm_70.ptx 555 : 144 4000 0 0 0 18 18 0 0 
run.1.sm_70.ptx 580 : 524288 2619776 0 0 0 0 0 0 0 
run.1.sm_70.ptx 579 : 524288 3179616 0 0 0 0 0 0 0 
run.1.sm_70.ptx 578 : 524288 4756224 0 0 0 0 0 0 0 
run.1.sm_70.ptx 577 : 524288 3176480 0 0 0 0 0 0 0 
run.1.sm_70.ptx 553 : 524288 2673808 0 0 0 0 0 0 18 
run.1.sm_70.ptx 552 : 524288 3188416 0 0 0 0 0 0 0 
run.1.sm_70.ptx 551 : 524288 3185056 0 0 0 0 0 0 0 
run.1.sm_70.ptx 550 : 524288 3217888 0 0 0 0 0 0 0 
run.1.sm_70.ptx 547 : 65518 820978 0 0 0 65518 16384 0 0 
run.1.sm_70.ptx 515 : 524288 4762592 0 0 0 0 0 0 0 
run.1.sm_70.ptx 514 : 524288 4749600 0 0 0 0 0 0 0 
run.1.sm_70.ptx 513 : 524288 3186784 0 0 0 0 0 0 0 
run.1.sm_70.ptx 510 : 8192 67584 0 0 0 0 0 0 0 
run.1.sm_70.ptx 509 : 8192 64768 0 0 0 0 0 0 0 
run.1.sm_70.ptx 508 : 8192 64256 0 0 0 0 0 0 0 
run.1.sm_70.ptx 507 : 8192 63232 0 0 0 0 0 0 0 
run.1.sm_70.ptx 506 : 8192 64768 0 0 0 0 0 0 0 
run.1.sm_70.ptx 504 : 8192 0 0 0 0 0 0 0 0 
run.1.sm_70.ptx 503 : 8192 65792 0 0 0 0 0 0 0 
run.1.sm_70.ptx 516 : 524288 4775424 0 0 0 0 0 0 0 
run.1.sm_70.ptx 493 : 8192 110080 0 0 0 0 0 0 0 
run.1.sm_70.ptx 517 : 524288 138810016 241536 0 0 32768 16384 0 0 
run.1.sm_70.ptx 494 : 8192 117504 0 0 0 0 0 0 0 
run.1.sm_70.ptx 541 : 65518 2018910 0 0 0 32765 16384 0 0 
run.1.sm_70.ptx 495 : 8192 131072 0 0 0 0 0 0 0 
run.1.sm_70.ptx 542 : 65518 2247242 0 0 0 65518 16384 0 0 
run.1.sm_70.ptx 496 : 8192 130304 0 0 0 0 0 0 0 
run.1.sm_70.ptx 543 : 65518 398420 0 0 0 0 0 0 0 
run.1.sm_70.ptx 497 : 8192 158976 0 0 0 0 0 0 0 
run.1.sm_70.ptx 544 : 65518 0 0 0 0 0 0 0 0 
run.1.sm_70.ptx 498 : 8192 61696 0 0 0 0 0 0 0 
run.1.sm_70.ptx 499 : 8192 59392 0 0 0 0 0 0 0 
run.1.sm_70.ptx 546 : 65518 331486 0 0 0 0 0 0 0 
run.1.sm_70.ptx 500 : 8192 55040 0 0 0 0 0 0 0 
run.1.sm_70.ptx 501 : 8192 94976 0 0 0 0 0 0 0 
run.1.sm_70.ptx 502 : 8192 64512 0 0 0 0 0 0 0 
run.1.sm_70.ptx 518 : 524288 3170208 0 0 0 0 0 0 0 
run.1.sm_70.ptx 519 : 524288 4748288 0 0 0 0 0 0 0 
run.1.sm_70.ptx 520 : 524288 4753536 0 0 0 0 0 0 0 
run.1.sm_70.ptx 521 : 524288 3168608 0 0 0 0 0 0 0 
run.1.sm_70.ptx 522 : 524288 4778336 0 0 0 0 0 0 0 
run.1.sm_70.ptx 523 : 524288 15664000 0 0 0 32768 16384 0 0 
run.1.sm_70.ptx 524 : 524288 226110272 2088512 0 0 65536 16384 0 0 
run.1.sm_70.ptx 525 : 524288 2693152 0 0 0 0 0 0 0 
run.1.sm_70.ptx 526 : 524288 3152512 0 0 0 0 0 0 0 
run.1.sm_70.ptx 527 : 524288 2312975 0 0 0 0 0 0 16384 
run.1.sm_70.ptx 529 : 65518 1874853 0 0 0 32765 16384 0 0 
run.1.sm_70.ptx 530 : 65518 28027388 2088416 0 0 65518 16384 0 0 
run.1.sm_70.ptx 531 : 65518 396116 0 0 0 0 0 0 0 
run.1.sm_70.ptx 534 : 524288 2658752 0 0 0 0 0 0 0 
run.1.sm_70.ptx 535 : 524288 3202400 0 0 0 0 0 0 0 
run.1.sm_70.ptx 536 : 524288 15598624 0 0 0 32768 16384 0 0 
run.1.sm_70.ptx 537 : 524288 17471072 0 0 0 65536 16384 0 0 
run.1.sm_70.ptx 538 : 524288 3183040 0 0 0 0 0 0 0 
run.1.sm_70.ptx 539 : 524288 2365251 0 0 0 0 0 0 16384 
