kernel line : count latency dram_traffic smem_bk_conflicts smem_warp gmem_access_generated gmem_warp exposed_latency warp_divergence
mri-gridding.4.sm_70.ptx 4912 : 664064 10565472 0 0 0 0 0 0 0 
mri-gridding.4.sm_70.ptx 4881 : 663978 87731376 0 0 0 342910 20750 0 0 
mri-gridding.4.sm_70.ptx 4880 : 663978 13222650 0 0 0 0 0 0 0 
mri-gridding.4.sm_70.ptx 4869 : 663978 135109798 0 0 0 344179 20750 0 0 
mri-gridding.4.sm_70.ptx 4866 : 663978 92316526 0 0 0 344179 20750 0 0 
mri-gridding.4.sm_70.ptx 4865 : 663978 12670682 0 0 0 0 0 0 0 
mri-gridding.4.sm_70.ptx 4860 : 663978 240043028 0 0 0 0 0 0 0 
mri-gridding.4.sm_70.ptx 4836 : 663978 96742450 0 0 0 341310 20750 0 0 
mri-gridding.4.sm_70.ptx 4832 : 663978 200438272 0 0 0 0 0 0 0 
mri-gridding.4.sm_70.ptx 4765 : 338614332 2838893860 0 0 0 0 0 0 0 
mri-gridding.4.sm_70.ptx 4764 : 338614332 3514691388 0 0 0 0 0 0 0 
mri-gridding.4.sm_70.ptx 4842 : 663978 129439178 0 0 0 0 0 0 0 
mri-gridding.4.sm_70.ptx 1550 : 5302136 40793198 0 0 0 0 0 0 0 
mri-gridding.4.sm_70.ptx 1549 : 5302136 55767766 0 0 0 0 0 0 0 
mri-gridding.4.sm_70.ptx 1548 : 5302136 58658414 0 0 0 0 0 0 0 
mri-gridding.4.sm_70.ptx 4839 : 663978 133950954 0 0 0 341310 20750 0 0 
mri-gridding.4.sm_70.ptx 1547 : 5302136 56231709 0 0 0 0 0 0 0 
mri-gridding.4.sm_70.ptx 1546 : 5302136 56571483 0 0 0 0 0 0 0 
mri-gridding.4.sm_70.ptx 4837 : 663978 14241050 0 0 0 0 0 0 0 
mri-gridding.4.sm_70.ptx 1545 : 5302136 55475269 0 0 0 0 0 0 0 
mri-gridding.4.sm_70.ptx 4835 : 663978 9462586 0 0 0 0 0 0 0 
mri-gridding.4.sm_70.ptx 1543 : 23906304 133973420 0 0 0 0 0 0 51880 
mri-gridding.4.sm_70.ptx 4834 : 663978 12610074 0 0 0 0 0 0 0 
mri-gridding.4.sm_70.ptx 1542 : 23906304 194009344 0 0 0 0 0 0 0 
mri-gridding.4.sm_70.ptx 1541 : 23906304 154777504 0 0 0 0 0 0 0 
mri-gridding.4.sm_70.ptx 1538 : 2656256 0 0 0 0 0 0 0 0 
mri-gridding.4.sm_70.ptx 4829 : 663978 223306432 0 0 0 0 0 0 0 
mri-gridding.4.sm_70.ptx 1537 : 2656256 19569824 0 0 0 0 0 0 0 
mri-gridding.4.sm_70.ptx 1536 : 2656256 18045536 0 0 0 0 0 0 0 
mri-gridding.4.sm_70.ptx 1535 : 2656256 34671456 0 0 0 0 0 0 0 
mri-gridding.4.sm_70.ptx 4826 : 663978 126590992 0 0 0 0 0 0 0 
mri-gridding.4.sm_70.ptx 1534 : 2656256 132921504 0 166016 83008 0 0 0 0 
mri-gridding.4.sm_70.ptx 1533 : 2656256 28537280 0 0 0 0 0 0 0 
mri-gridding.4.sm_70.ptx 1532 : 2656256 40710048 0 0 0 0 0 0 0 
mri-gridding.4.sm_70.ptx 4823 : 663978 131065872 0 0 0 342910 20750 0 0 
mri-gridding.4.sm_70.ptx 1531 : 2656256 192286976 0 166016 83008 0 0 0 0 
mri-gridding.4.sm_70.ptx 1530 : 2656256 197576864 0 166016 83008 0 0 0 0 
mri-gridding.4.sm_70.ptx 4821 : 663978 13511706 0 0 0 0 0 0 0 
mri-gridding.4.sm_70.ptx 1529 : 2656256 57962880 0 0 0 0 0 0 0 
mri-gridding.4.sm_70.ptx 4820 : 663978 92396400 0 0 0 342910 20750 0 0 
mri-gridding.4.sm_70.ptx 1528 : 2656256 151036288 0 166016 83008 0 0 0 0 
mri-gridding.4.sm_70.ptx 4819 : 663978 9211034 0 0 0 0 0 0 0 
mri-gridding.4.sm_70.ptx 1527 : 2656256 32012512 0 0 0 0 0 0 0 
mri-gridding.4.sm_70.ptx 4818 : 663978 12158170 0 0 0 0 0 0 0 
mri-gridding.4.sm_70.ptx 1526 : 2656256 43893024 0 0 0 0 0 0 0 
mri-gridding.4.sm_70.ptx 1525 : 2656256 215846624 0 166016 83008 0 0 0 0 
mri-gridding.4.sm_70.ptx 4816 : 663978 204214900 0 0 0 0 0 0 0 
mri-gridding.4.sm_70.ptx 1524 : 2656256 228529824 0 166016 83008 0 0 0 0 
mri-gridding.4.sm_70.ptx 1523 : 2656256 34836128 0 0 0 0 0 0 0 
mri-gridding.4.sm_70.ptx 1522 : 2656256 35134208 0 0 0 0 0 0 0 
mri-gridding.4.sm_70.ptx 4813 : 663978 227650804 0 0 0 0 0 0 0 
mri-gridding.4.sm_70.ptx 1521 : 2656256 174931424 0 332032 83008 0 0 0 0 
mri-gridding.4.sm_70.ptx 1520 : 2656256 31692928 0 0 0 0 0 0 0 
mri-gridding.4.sm_70.ptx 1519 : 2656256 22360768 0 0 0 0 0 0 0 
mri-gridding.4.sm_70.ptx 4810 : 663978 130754096 0 0 0 0 0 0 0 
mri-gridding.4.sm_70.ptx 1518 : 2656256 30062528 0 0 0 0 0 0 0 
mri-gridding.4.sm_70.ptx 1517 : 2656256 21033120 0 0 0 0 0 0 0 
mri-gridding.4.sm_70.ptx 1516 : 2656256 22100960 0 0 0 0 0 0 0 
mri-gridding.4.sm_70.ptx 4807 : 663978 135196592 0 0 0 344179 20750 0 0 
mri-gridding.4.sm_70.ptx 1515 : 2656256 28210784 0 0 0 0 0 0 0 
mri-gridding.4.sm_70.ptx 1514 : 2656256 23899424 0 0 0 0 0 0 0 
mri-gridding.4.sm_70.ptx 4805 : 663978 13082458 0 0 0 0 0 0 0 
mri-gridding.4.sm_70.ptx 1513 : 2656256 23902944 0 0 0 0 0 0 0 
mri-gridding.4.sm_70.ptx 4804 : 663978 97797104 0 0 0 344179 20750 0 0 
mri-gridding.4.sm_70.ptx 1512 : 2656256 37043104 0 0 0 0 0 0 0 
mri-gridding.4.sm_70.ptx 4803 : 663978 8945850 0 0 0 0 0 0 0 
mri-gridding.4.sm_70.ptx 1511 : 2656256 174340800 0 332032 83008 0 0 0 0 
mri-gridding.4.sm_70.ptx 4802 : 663978 12479098 0 0 0 0 0 0 0 
mri-gridding.4.sm_70.ptx 1510 : 2656256 31153920 0 0 0 0 0 0 0 
mri-gridding.4.sm_70.ptx 1509 : 2656256 22325664 0 0 0 0 0 0 0 
mri-gridding.4.sm_70.ptx 4800 : 663978 212440350 0 0 0 0 0 0 0 
mri-gridding.4.sm_70.ptx 1508 : 2656256 29630400 0 0 0 0 0 0 0 
mri-gridding.4.sm_70.ptx 1507 : 2656256 20948320 0 0 0 0 0 0 0 
mri-gridding.4.sm_70.ptx 1506 : 2656256 23119456 0 0 0 0 0 0 0 
mri-gridding.4.sm_70.ptx 4797 : 663978 216224414 0 0 0 0 0 0 0 
mri-gridding.4.sm_70.ptx 1505 : 2656256 28161312 0 0 0 0 0 0 0 
mri-gridding.4.sm_70.ptx 1504 : 2656256 23532800 0 0 0 0 0 0 0 
mri-gridding.4.sm_70.ptx 4795 : 663978 5284530 0 0 0 0 0 0 0 
mri-gridding.4.sm_70.ptx 1503 : 2656256 24496000 0 0 0 0 0 0 0 
mri-gridding.4.sm_70.ptx 4794 : 663978 11379346 0 0 0 0 0 0 0 
mri-gridding.4.sm_70.ptx 1502 : 2656256 39210144 0 0 0 0 0 0 0 
mri-gridding.4.sm_70.ptx 1501 : 2656256 179572448 0 332032 83008 0 0 0 0 
mri-gridding.4.sm_70.ptx 4792 : 663978 75160080 0 0 0 0 0 0 0 
mri-gridding.4.sm_70.ptx 1500 : 2656256 32129024 0 0 0 0 0 0 0 
mri-gridding.4.sm_70.ptx 1499 : 2656256 22063840 0 0 0 0 0 0 0 
mri-gridding.4.sm_70.ptx 1498 : 2656256 30571232 0 0 0 0 0 0 0 
mri-gridding.4.sm_70.ptx 4789 : 663978 76067632 0 0 0 344427 20750 0 0 
mri-gridding.4.sm_70.ptx 1497 : 2656256 21747040 0 0 0 0 0 0 0 
mri-gridding.4.sm_70.ptx 1496 : 2656256 21736128 0 0 0 0 0 0 0 
mri-gridding.4.sm_70.ptx 4787 : 663978 4945394 0 0 0 0 0 0 0 
mri-gridding.4.sm_70.ptx 1495 : 2656256 28654656 0 0 0 0 0 0 0 
mri-gridding.4.sm_70.ptx 4786 : 663978 8474586 0 0 0 0 0 0 0 
mri-gridding.4.sm_70.ptx 1494 : 2656256 24152352 0 0 0 0 0 0 0 
mri-gridding.4.sm_70.ptx 4785 : 663978 46182032 0 0 0 344427 20750 0 0 
mri-gridding.4.sm_70.ptx 1493 : 2656256 25334944 0 0 0 0 0 0 0 
mri-gridding.4.sm_70.ptx 4784 : 663978 7221114 0 0 0 0 0 0 0 
mri-gridding.4.sm_70.ptx 1492 : 2656256 39770560 0 0 0 0 0 0 0 
mri-gridding.4.sm_70.ptx 4783 : 663978 6765850 0 0 0 0 0 0 0 
mri-gridding.4.sm_70.ptx 1491 : 2656256 184826592 0 332032 83008 0 0 0 0 
mri-gridding.4.sm_70.ptx 1490 : 2656256 29776544 0 0 0 0 0 0 0 
mri-gridding.4.sm_70.ptx 4781 : 664064 430 0 0 0 0 0 0 1 
mri-gridding.4.sm_70.ptx 1489 : 2656256 20277664 0 0 0 0 0 0 0 
mri-gridding.4.sm_70.ptx 4780 : 664064 5729824 0 0 0 0 0 0 0 
mri-gridding.4.sm_70.ptx 1488 : 2656256 27999808 0 0 0 0 0 0 0 
mri-gridding.4.sm_70.ptx 4779 : 664064 5201312 0 0 0 0 0 0 0 
mri-gridding.4.sm_70.ptx 1487 : 2656256 19280640 0 0 0 0 0 0 0 
mri-gridding.4.sm_70.ptx 4778 : 664064 7091424 0 0 0 0 0 0 0 
mri-gridding.4.sm_70.ptx 1486 : 2656256 19560288 0 0 0 0 0 0 0 
mri-gridding.4.sm_70.ptx 4777 : 664064 5819584 0 0 0 0 0 0 0 
mri-gridding.4.sm_70.ptx 1485 : 2656256 26579264 0 0 0 0 0 0 0 
mri-gridding.4.sm_70.ptx 4776 : 664064 5184864 0 0 0 0 0 0 0 
mri-gridding.4.sm_70.ptx 1484 : 2656256 19897184 0 0 0 0 0 0 0 
mri-gridding.4.sm_70.ptx 4775 : 664064 7417952 0 0 0 0 0 0 0 
mri-gridding.4.sm_70.ptx 1483 : 2656256 18717632 0 0 0 0 0 0 0 
mri-gridding.4.sm_70.ptx 4774 : 664064 5963872 0 0 0 0 0 0 0 
mri-gridding.4.sm_70.ptx 1482 : 2656256 18030720 0 0 0 0 0 0 0 
mri-gridding.4.sm_70.ptx 4773 : 664064 4860224 0 0 0 0 0 0 0 
mri-gridding.4.sm_70.ptx 1481 : 2656256 18878272 0 0 0 0 0 0 0 
mri-gridding.4.sm_70.ptx 4772 : 664064 6738944 0 0 0 0 0 0 0 
mri-gridding.4.sm_70.ptx 1480 : 2656256 18165056 0 0 0 0 0 0 0 
mri-gridding.4.sm_70.ptx 4771 : 664064 4922048 0 0 0 0 0 0 0 
mri-gridding.4.sm_70.ptx 1479 : 2656256 18806240 0 0 0 0 0 0 0 
mri-gridding.4.sm_70.ptx 4770 : 664064 4912128 0 0 0 0 0 0 0 
mri-gridding.4.sm_70.ptx 1478 : 2656256 17923424 0 0 0 0 0 0 0 
mri-gridding.4.sm_70.ptx 1477 : 2656256 18688160 0 0 0 0 0 0 0 
mri-gridding.4.sm_70.ptx 1476 : 2656256 17883456 0 0 0 0 0 0 0 
mri-gridding.4.sm_70.ptx 4767 : 338614332 2581750307 0 0 0 0 0 0 640634 
mri-gridding.4.sm_70.ptx 1475 : 2656256 18706528 0 0 0 0 0 0 0 
mri-gridding.4.sm_70.ptx 4766 : 338614332 3588537168 0 0 0 0 0 0 0 
mri-gridding.4.sm_70.ptx 1474 : 2656256 18796736 0 0 0 0 0 0 0 
mri-gridding.4.sm_70.ptx 1471 : 664064 5020672 0 0 0 0 0 0 0 
mri-gridding.4.sm_70.ptx 4762 : 338614418 500 0 0 0 0 0 0 84 
mri-gridding.4.sm_70.ptx 1470 : 664064 6913280 0 0 0 0 0 0 0 
mri-gridding.4.sm_70.ptx 4761 : 338614418 2804426411 0 0 0 0 0 0 0 
mri-gridding.4.sm_70.ptx 1469 : 664064 6712352 0 0 0 0 0 0 0 
mri-gridding.4.sm_70.ptx 4760 : 338614418 27908816210 0 43489326 11868702 0 0 0 0 
mri-gridding.4.sm_70.ptx 1468 : 664064 6834528 0 0 0 0 0 0 0 
mri-gridding.4.sm_70.ptx 4759 : 338614418 3789258165 0 0 0 0 0 0 0 
mri-gridding.4.sm_70.ptx 1467 : 664064 7104640 0 0 0 0 0 0 0 
mri-gridding.4.sm_70.ptx 4758 : 338614418 2623003253 0 0 0 0 0 0 0 
mri-gridding.4.sm_70.ptx 1466 : 664064 5115680 0 0 0 0 0 0 0 
mri-gridding.4.sm_70.ptx 1465 : 664064 7172384 0 0 0 0 0 0 0 
mri-gridding.4.sm_70.ptx 1464 : 664064 4908160 0 0 0 0 0 0 0 
mri-gridding.4.sm_70.ptx 4755 : 664064 22044 0 0 0 0 0 0 2594 
mri-gridding.4.sm_70.ptx 1463 : 664064 5465312 0 0 0 0 0 0 0 
mri-gridding.4.sm_70.ptx 4754 : 664064 5587264 0 0 0 0 0 0 0 
mri-gridding.4.sm_70.ptx 1462 : 664064 6783392 0 0 0 0 0 0 0 
mri-gridding.4.sm_70.ptx 4753 : 664064 8752096 0 0 0 0 0 0 0 
mri-gridding.4.sm_70.ptx 1461 : 664064 7350048 0 0 0 0 0 0 0 
mri-gridding.4.sm_70.ptx 4752 : 664064 42390240 0 20752 20752 0 0 0 0 
mri-gridding.4.sm_70.ptx 1460 : 664064 5434976 0 0 0 0 0 0 0 
mri-gridding.4.sm_70.ptx 4751 : 664064 7543136 0 0 0 0 0 0 0 
mri-gridding.4.sm_70.ptx 1459 : 664064 7240704 0 0 0 0 0 0 0 
mri-gridding.4.sm_70.ptx 4750 : 664064 7104448 0 0 0 0 0 0 0 
mri-gridding.4.sm_70.ptx 1458 : 664064 4976224 0 0 0 0 0 0 0 
mri-gridding.4.sm_70.ptx 4749 : 664064 42413248 0 20752 20752 0 0 0 0 
mri-gridding.4.sm_70.ptx 1457 : 664064 5297216 0 0 0 0 0 0 0 
mri-gridding.4.sm_70.ptx 4748 : 664064 7844768 0 0 0 0 0 0 0 
mri-gridding.4.sm_70.ptx 1456 : 664064 6643296 0 0 0 0 0 0 0 
mri-gridding.4.sm_70.ptx 4747 : 664064 7665248 0 0 0 0 0 0 0 
mri-gridding.4.sm_70.ptx 1455 : 664064 6921696 0 0 0 0 0 0 0 
mri-gridding.4.sm_70.ptx 4746 : 664064 44423136 0 20752 20752 0 0 0 0 
mri-gridding.4.sm_70.ptx 1454 : 664064 4696096 0 0 0 0 0 0 0 
mri-gridding.4.sm_70.ptx 1807 : 663978 456633524 0 0 0 0 0 0 0 
mri-gridding.4.sm_70.ptx 1804 : 663978 475462676 0 0 0 0 0 0 0 
mri-gridding.4.sm_70.ptx 1801 : 663978 352408778 0 0 0 0 0 0 0 
mri-gridding.4.sm_70.ptx 1798 : 663978 374877450 0 0 0 331989 20750 0 0 
mri-gridding.4.sm_70.ptx 1385 : 41504 20328784 0 2594 2594 0 0 0 0 
mri-gridding.4.sm_70.ptx 1794 : 663978 92426170 0 0 0 0 0 0 0 
mri-gridding.4.sm_70.ptx 1384 : 41504 1060672 0 0 0 0 0 0 0 
mri-gridding.4.sm_70.ptx 1382 : 664064 20021840 0 0 0 0 0 0 2594 
mri-gridding.4.sm_70.ptx 1381 : 664064 20655776 0 0 0 0 0 0 0 
mri-gridding.4.sm_70.ptx 1380 : 664064 27429184 0 0 0 0 0 0 0 
mri-gridding.4.sm_70.ptx 1789 : 663978 550210196 0 0 0 0 0 0 0 
mri-gridding.4.sm_70.ptx 1379 : 664064 18132480 0 0 0 0 0 0 0 
mri-gridding.4.sm_70.ptx 1378 : 664064 41389088 0 0 0 0 0 0 0 
mri-gridding.4.sm_70.ptx 1375 : 663978 3166687056 10623648 0 0 331989 20750 0 0 
mri-gridding.4.sm_70.ptx 4852 : 663978 12504954 0 0 0 0 0 0 0 
mri-gridding.4.sm_70.ptx 1560 : 5302136 56688810 0 0 0 0 0 0 0 
mri-gridding.4.sm_70.ptx 1361 : 664064 7384320 0 0 0 0 0 0 0 
mri-gridding.4.sm_70.ptx 4851 : 663978 95812496 0 0 0 344427 20750 0 0 
mri-gridding.4.sm_70.ptx 1559 : 5302136 56600692 0 0 0 0 0 0 0 
mri-gridding.4.sm_70.ptx 1360 : 664064 8691488 0 0 0 0 0 0 0 
mri-gridding.4.sm_70.ptx 4850 : 663978 12946906 0 0 0 0 0 0 0 
mri-gridding.4.sm_70.ptx 1558 : 5302136 55465949 0 0 0 0 0 0 0 
mri-gridding.4.sm_70.ptx 1359 : 664064 6238080 0 0 0 0 0 0 0 
mri-gridding.4.sm_70.ptx 1768 : 663978 350532742 0 0 0 331989 20750 0 0 
mri-gridding.4.sm_70.ptx 1557 : 5302136 57682825 0 0 0 0 0 0 0 
mri-gridding.4.sm_70.ptx 1358 : 664064 6677984 0 0 0 0 0 0 0 
mri-gridding.4.sm_70.ptx 4848 : 663978 205361012 0 0 0 0 0 0 0 
mri-gridding.4.sm_70.ptx 1556 : 5302136 41025778 0 0 0 0 0 0 0 
mri-gridding.4.sm_70.ptx 1357 : 664064 23722688 0 0 0 0 0 0 0 
mri-gridding.4.sm_70.ptx 1766 : 663978 91020730 0 0 0 0 0 0 0 
mri-gridding.4.sm_70.ptx 1555 : 5302136 52321923 0 0 0 0 0 0 0 
mri-gridding.4.sm_70.ptx 1356 : 664064 39233472 0 0 0 0 0 0 0 
mri-gridding.4.sm_70.ptx 1765 : 663978 348362534 0 0 0 331989 20750 0 0 
mri-gridding.4.sm_70.ptx 4745 : 664064 7866272 0 0 0 0 0 0 0 
mri-gridding.4.sm_70.ptx 1453 : 664064 7072032 0 0 0 0 0 0 0 
mri-gridding.4.sm_70.ptx 1811 : 664064 64959440 0 0 0 0 0 0 2594 
mri-gridding.4.sm_70.ptx 1554 : 5302136 39656611 0 0 0 0 0 0 0 
mri-gridding.4.sm_70.ptx 1355 : 664064 53242080 0 0 0 0 0 0 0 
mri-gridding.4.sm_70.ptx 1764 : 663978 102836186 0 0 0 0 0 0 0 
mri-gridding.4.sm_70.ptx 4744 : 664064 10785920 0 0 0 0 0 0 0 
mri-gridding.4.sm_70.ptx 1452 : 664064 5209088 0 0 0 0 0 0 0 
mri-gridding.4.sm_70.ptx 1401 : 664064 132356192 0 20752 20752 0 0 0 0 
mri-gridding.4.sm_70.ptx 4845 : 663978 229177908 0 0 0 0 0 0 0 
mri-gridding.4.sm_70.ptx 1553 : 5302136 42115504 0 0 0 0 0 0 0 
mri-gridding.4.sm_70.ptx 1354 : 664064 82233504 0 0 0 0 0 0 0 
mri-gridding.4.sm_70.ptx 4743 : 664064 54523584 0 20752 20752 0 0 0 0 
mri-gridding.4.sm_70.ptx 1451 : 664064 6931136 0 0 0 0 0 0 0 
mri-gridding.4.sm_70.ptx 1552 : 5302136 52318452 0 0 0 0 0 0 0 
mri-gridding.4.sm_70.ptx 1353 : 664064 107005408 0 0 0 0 0 0 0 
mri-gridding.4.sm_70.ptx 1762 : 663978 571734612 0 0 0 0 0 0 0 
mri-gridding.4.sm_70.ptx 4742 : 664064 8133184 0 0 0 0 0 0 0 
mri-gridding.4.sm_70.ptx 1450 : 664064 5123072 0 0 0 0 0 0 0 
mri-gridding.4.sm_70.ptx 1551 : 5302136 39873624 0 0 0 0 0 0 0 
mri-gridding.4.sm_70.ptx 1352 : 664064 119088768 0 0 0 0 0 0 0 
mri-gridding.4.sm_70.ptx 4741 : 664064 5658688 0 0 0 0 0 0 0 
mri-gridding.4.sm_70.ptx 1449 : 664064 5126304 0 0 0 0 0 0 0 
mri-gridding.4.sm_70.ptx 1362 : 664064 9949728 0 0 0 0 0 0 0 
mri-gridding.4.sm_70.ptx 1771 : 663978 329024166 0 0 0 0 0 0 0 
mri-gridding.4.sm_70.ptx 1363 : 664064 11078816 0 0 0 0 0 0 0 
mri-gridding.4.sm_70.ptx 1364 : 664064 8540224 0 0 0 0 0 0 0 
mri-gridding.4.sm_70.ptx 1365 : 664064 11804832 0 0 0 0 0 0 0 
mri-gridding.4.sm_70.ptx 1774 : 663978 571392084 0 0 0 0 0 0 0 
mri-gridding.4.sm_70.ptx 1366 : 664064 9758176 0 0 0 0 0 0 0 
mri-gridding.4.sm_70.ptx 1367 : 664064 10009376 0 0 0 0 0 0 0 
mri-gridding.4.sm_70.ptx 1368 : 664064 8725984 0 0 0 0 0 0 0 
mri-gridding.4.sm_70.ptx 1777 : 663978 538417236 0 0 0 0 0 0 0 
mri-gridding.4.sm_70.ptx 1369 : 664064 462 0 0 0 0 0 0 1 
mri-gridding.4.sm_70.ptx 1371 : 663978 11382170 0 0 0 0 0 0 0 
mri-gridding.4.sm_70.ptx 1780 : 663978 360363462 0 0 0 331989 20750 0 0 
mri-gridding.4.sm_70.ptx 1372 : 663978 14990586 0 0 0 0 0 0 0 
mri-gridding.4.sm_70.ptx 1781 : 663978 93970490 0 0 0 0 0 0 0 
mri-gridding.4.sm_70.ptx 1373 : 663978 3020049454 10623648 0 0 331989 20750 0 0 
mri-gridding.4.sm_70.ptx 1374 : 663978 31307034 0 0 0 0 0 0 0 
mri-gridding.4.sm_70.ptx 1783 : 663978 356346630 0 0 0 331989 20750 0 0 
mri-gridding.4.sm_70.ptx 1813 : 41504 17841088 0 2594 2594 0 0 0 0 
mri-gridding.4.sm_70.ptx 1814 : 41504 786608 0 0 0 0 0 0 0 
mri-gridding.4.sm_70.ptx 4698 : 41504 547952 0 0 0 0 0 0 0 
mri-gridding.4.sm_70.ptx 1406 : 664064 103493632 0 20752 20752 0 0 0 0 
mri-gridding.4.sm_70.ptx 1815 : 41504 2586752 0 0 0 0 0 0 0 
mri-gridding.4.sm_70.ptx 4699 : 41504 202916816 166400 0 0 41504 2594 0 0 
mri-gridding.4.sm_70.ptx 1407 : 664064 11896896 0 0 0 0 0 0 0 
mri-gridding.4.sm_70.ptx 1816 : 41504 2592496 0 0 0 0 0 0 0 
mri-gridding.4.sm_70.ptx 4679 : 664064 40247872 0 0 0 0 0 0 0 
mri-gridding.4.sm_70.ptx 4700 : 41504 553424 0 0 0 0 0 0 0 
mri-gridding.4.sm_70.ptx 1408 : 664064 73456672 0 20752 20752 0 0 0 0 
mri-gridding.4.sm_70.ptx 1817 : 41504 2040656 0 0 0 0 0 0 0 
mri-gridding.4.sm_70.ptx 1388 : 664064 18088864 0 0 0 0 0 0 0 
mri-gridding.4.sm_70.ptx 4680 : 664064 37307424 0 0 0 0 0 0 0 
mri-gridding.4.sm_70.ptx 4701 : 41504 664064 0 0 0 0 0 0 0 
mri-gridding.4.sm_70.ptx 1409 : 664064 16404064 0 0 0 0 0 0 0 
mri-gridding.4.sm_70.ptx 1818 : 41504 10836416 0 0 0 41504 2594 0 0 
mri-gridding.4.sm_70.ptx 1389 : 664064 20691264 0 0 0 0 0 0 0 
mri-gridding.4.sm_70.ptx 4681 : 664064 31799744 0 0 0 0 0 0 0 
mri-gridding.4.sm_70.ptx 4702 : 41504 15994352 0 2594 2594 0 0 0 0 
mri-gridding.4.sm_70.ptx 1410 : 664064 8501536 0 0 0 0 0 0 0 
mri-gridding.4.sm_70.ptx 1819 : 41504 1893808 0 0 0 0 0 0 0 
mri-gridding.4.sm_70.ptx 1390 : 664064 15008864 0 0 0 0 0 0 0 
mri-gridding.4.sm_70.ptx 4682 : 664064 23234432 0 0 0 0 0 0 0 
mri-gridding.4.sm_70.ptx 1411 : 664064 8601376 0 0 0 0 0 0 0 
mri-gridding.4.sm_70.ptx 1820 : 41504 440736 0 0 0 0 0 0 0 
mri-gridding.4.sm_70.ptx 1391 : 664064 14846912 0 0 0 0 0 0 0 
mri-gridding.4.sm_70.ptx 4683 : 664064 17586752 0 0 0 0 0 0 0 
mri-gridding.4.sm_70.ptx 1412 : 664064 9811552 0 0 0 0 0 0 0 
mri-gridding.4.sm_70.ptx 1392 : 664064 18460672 0 0 0 0 0 0 0 
mri-gridding.4.sm_70.ptx 4684 : 664064 15643616 0 0 0 0 0 0 0 
mri-gridding.4.sm_70.ptx 1822 : 41504 12955936 0 0 0 41504 2594 0 0 
mri-gridding.4.sm_70.ptx 1393 : 664064 18481856 0 0 0 0 0 0 0 
mri-gridding.4.sm_70.ptx 4685 : 664064 14770176 0 0 0 0 0 0 0 
mri-gridding.4.sm_70.ptx 1394 : 664064 45921824 0 0 0 0 0 0 0 
mri-gridding.4.sm_70.ptx 4686 : 664064 10987232 0 0 0 0 0 0 0 
mri-gridding.4.sm_70.ptx 1395 : 664064 20507488 0 0 0 0 0 0 0 
mri-gridding.4.sm_70.ptx 4687 : 664064 7915104 0 0 0 0 0 0 0 
mri-gridding.4.sm_70.ptx 1825 : 41504 12478256 0 0 0 0 0 0 0 
mri-gridding.4.sm_70.ptx 1396 : 664064 30838912 0 0 0 0 0 0 0 
mri-gridding.4.sm_70.ptx 4688 : 664064 7898400 0 0 0 0 0 0 0 
mri-gridding.4.sm_70.ptx 1397 : 664064 24019520 0 0 0 0 0 0 0 
mri-gridding.4.sm_70.ptx 4689 : 664064 8379840 0 0 0 0 0 0 0 
mri-gridding.4.sm_70.ptx 1827 : 41504 8211376 0 0 0 0 0 0 0 
mri-gridding.4.sm_70.ptx 1398 : 664064 27174880 0 0 0 0 0 0 0 
mri-gridding.4.sm_70.ptx 4690 : 664064 10194848 0 0 0 0 0 0 0 
mri-gridding.4.sm_70.ptx 1419 : 664064 8303968 0 0 0 0 0 0 0 
mri-gridding.4.sm_70.ptx 1828 : 41504 404368 0 0 0 0 0 0 0 
mri-gridding.4.sm_70.ptx 1399 : 664064 228905440 0 20752 20752 0 0 0 0 
mri-gridding.4.sm_70.ptx 4691 : 664064 7950560 0 0 0 0 0 0 0 
mri-gridding.4.sm_70.ptx 1400 : 664064 17707808 0 0 0 0 0 0 0 
mri-gridding.4.sm_70.ptx 4692 : 664064 7430752 0 0 0 0 0 0 2594 
mri-gridding.4.sm_70.ptx 1830 : 41504 26101904 0 0 0 0 0 0 0 
mri-gridding.4.sm_70.ptx 4714 : 663978 11845562 0 0 0 0 0 0 0 
mri-gridding.4.sm_70.ptx 1422 : 664064 35138688 0 20752 20752 0 0 0 0 
mri-gridding.4.sm_70.ptx 1402 : 664064 28396800 0 0 0 0 0 0 0 
mri-gridding.4.sm_70.ptx 4694 : 41504 546224 0 0 0 0 0 0 0 
mri-gridding.4.sm_70.ptx 4715 : 663978 3000805656 10623648 0 0 331989 20750 0 0 
mri-gridding.4.sm_70.ptx 1423 : 664064 8552992 0 0 0 0 0 0 0 
mri-gridding.4.sm_70.ptx 1403 : 664064 11749504 0 0 0 0 0 0 0 
mri-gridding.4.sm_70.ptx 4695 : 41504 490656 0 0 0 0 0 0 0 
mri-gridding.4.sm_70.ptx 4716 : 663978 13436920 0 0 0 0 0 0 0 
mri-gridding.4.sm_70.ptx 1424 : 664064 7673664 0 0 0 0 0 0 0 
mri-gridding.4.sm_70.ptx 1833 : 41504 25252576 0 0 0 0 0 0 0 
mri-gridding.4.sm_70.ptx 1404 : 664064 13724640 0 0 0 0 0 0 0 
mri-gridding.4.sm_70.ptx 4696 : 41504 664560 0 0 0 0 0 0 0 
mri-gridding.4.sm_70.ptx 4717 : 663978 12096452 0 0 0 0 0 0 0 
mri-gridding.4.sm_70.ptx 1425 : 664064 5651520 0 0 0 0 0 0 0 
mri-gridding.4.sm_70.ptx 1405 : 664064 13731648 0 0 0 0 0 0 0 
mri-gridding.4.sm_70.ptx 4697 : 41504 566816 0 0 0 0 0 0 0 
mri-gridding.4.sm_70.ptx 4718 : 663978 3151702732 10623648 0 0 331989 20750 0 0 
mri-gridding.4.sm_70.ptx 1426 : 664064 5638112 0 0 0 0 0 0 0 
mri-gridding.4.sm_70.ptx 1427 : 664064 8252576 0 0 0 0 0 0 0 
mri-gridding.4.sm_70.ptx 1428 : 664064 6014432 0 0 0 0 0 0 0 
mri-gridding.4.sm_70.ptx 1837 : 664064 21041696 0 0 0 0 0 0 0 
mri-gridding.4.sm_70.ptx 4721 : 664064 17992544 0 0 0 0 0 0 0 
mri-gridding.4.sm_70.ptx 1429 : 664064 4440320 0 0 0 0 0 0 0 
mri-gridding.4.sm_70.ptx 4722 : 664064 9329056 0 0 0 0 0 0 0 
mri-gridding.4.sm_70.ptx 1430 : 664064 7257344 0 0 0 0 0 0 0 
mri-gridding.4.sm_70.ptx 4723 : 664064 10704128 0 0 0 0 0 0 0 
mri-gridding.4.sm_70.ptx 1431 : 664064 6622048 0 0 0 0 0 0 0 
mri-gridding.4.sm_70.ptx 4724 : 664064 11801440 0 0 0 0 0 0 0 
mri-gridding.4.sm_70.ptx 1432 : 664064 6847936 0 0 0 0 0 0 0 
mri-gridding.4.sm_70.ptx 4725 : 664064 15617440 0 0 0 0 0 0 0 
mri-gridding.4.sm_70.ptx 1433 : 664064 5402784 0 0 0 0 0 0 0 
mri-gridding.4.sm_70.ptx 1413 : 664064 66426400 0 20752 20752 0 0 0 0 
mri-gridding.4.sm_70.ptx 4705 : 664064 10643584 0 0 0 0 0 0 0 
mri-gridding.4.sm_70.ptx 4726 : 664064 12822752 0 0 0 0 0 0 0 
mri-gridding.4.sm_70.ptx 1434 : 664064 5015808 0 0 0 0 0 0 0 
mri-gridding.4.sm_70.ptx 1414 : 664064 9033248 0 0 0 0 0 0 0 
mri-gridding.4.sm_70.ptx 4706 : 664064 8359360 0 0 0 0 0 0 0 
mri-gridding.4.sm_70.ptx 4727 : 664064 7602144 0 0 0 0 0 0 0 
mri-gridding.4.sm_70.ptx 1435 : 664064 6996768 0 0 0 0 0 0 0 
mri-gridding.4.sm_70.ptx 1415 : 664064 44213632 0 20752 20752 0 0 0 0 
mri-gridding.4.sm_70.ptx 4707 : 664064 8522304 0 0 0 0 0 0 0 
mri-gridding.4.sm_70.ptx 4728 : 664064 8330400 0 0 0 0 0 0 0 
mri-gridding.4.sm_70.ptx 1436 : 664064 5147552 0 0 0 0 0 0 0 
mri-gridding.4.sm_70.ptx 1416 : 664064 10773760 0 0 0 0 0 0 0 
mri-gridding.4.sm_70.ptx 4708 : 664064 9333376 0 0 0 0 0 0 0 
mri-gridding.4.sm_70.ptx 4729 : 664064 7690240 0 0 0 0 0 0 0 
mri-gridding.4.sm_70.ptx 1437 : 664064 7053216 0 0 0 0 0 0 0 
mri-gridding.4.sm_70.ptx 1417 : 664064 6222432 0 0 0 0 0 0 0 
mri-gridding.4.sm_70.ptx 4709 : 664064 8833984 0 0 0 0 0 0 0 
mri-gridding.4.sm_70.ptx 4730 : 664064 8859200 0 0 0 0 0 0 0 
mri-gridding.4.sm_70.ptx 1438 : 664064 4196480 0 0 0 0 0 0 0 
mri-gridding.4.sm_70.ptx 1418 : 664064 6523808 0 0 0 0 0 0 0 
mri-gridding.4.sm_70.ptx 4710 : 664064 624 0 0 0 0 0 0 1 
mri-gridding.4.sm_70.ptx 4731 : 664064 7548192 0 0 0 0 0 0 0 
mri-gridding.4.sm_70.ptx 1439 : 664064 7165504 0 0 0 0 0 0 0 
mri-gridding.4.sm_70.ptx 4732 : 664064 8737056 0 0 0 0 0 0 0 
mri-gridding.4.sm_70.ptx 1440 : 664064 5435200 0 0 0 0 0 0 0 
mri-gridding.4.sm_70.ptx 1420 : 664064 51831136 0 20752 20752 0 0 0 0 
mri-gridding.4.sm_70.ptx 4712 : 663978 7438288 0 0 0 0 0 0 0 
mri-gridding.4.sm_70.ptx 4733 : 664064 8228000 0 0 0 0 0 0 0 
mri-gridding.4.sm_70.ptx 1441 : 664064 7027616 0 0 0 0 0 0 0 
mri-gridding.4.sm_70.ptx 1421 : 664064 8254016 0 0 0 0 0 0 0 
mri-gridding.4.sm_70.ptx 4713 : 663978 9860516 0 0 0 0 0 0 0 
mri-gridding.4.sm_70.ptx 4734 : 664064 8523584 0 0 0 0 0 0 0 
mri-gridding.4.sm_70.ptx 1442 : 664064 5018560 0 0 0 0 0 0 0 
mri-gridding.4.sm_70.ptx 4735 : 664064 7611904 0 0 0 0 0 0 0 
mri-gridding.4.sm_70.ptx 1443 : 664064 4939936 0 0 0 0 0 0 0 
mri-gridding.4.sm_70.ptx 4736 : 664064 7032832 0 0 0 0 0 0 0 
mri-gridding.4.sm_70.ptx 1444 : 664064 6833408 0 0 0 0 0 0 0 
mri-gridding.4.sm_70.ptx 4737 : 664064 10661664 0 0 0 0 0 0 0 
mri-gridding.4.sm_70.ptx 1445 : 664064 5195776 0 0 0 0 0 0 0 
mri-gridding.4.sm_70.ptx 4738 : 664064 129259584 0 83008 20752 0 0 0 0 
mri-gridding.4.sm_70.ptx 1446 : 664064 7125120 0 0 0 0 0 0 0 
mri-gridding.4.sm_70.ptx 4739 : 664064 12828416 0 0 0 0 0 0 0 
mri-gridding.4.sm_70.ptx 1447 : 664064 6634112 0 0 0 0 0 0 0 
mri-gridding.4.sm_70.ptx 4740 : 664064 6322656 0 0 0 0 0 0 0 
mri-gridding.4.sm_70.ptx 1448 : 664064 6740256 0 0 0 0 0 0 0 
mri-gridding.4.sm_70.ptx 1561 : 5302136 45375028 0 0 0 0 0 0 0 
mri-gridding.4.sm_70.ptx 4854 : 663978 140602992 0 0 0 344427 20750 0 0 
mri-gridding.4.sm_70.ptx 1562 : 5302136 67906230 0 0 0 0 0 0 0 
mri-gridding.4.sm_70.ptx 1563 : 5302136 560327514 0 1649784 207520 0 0 0 0 
mri-gridding.4.sm_70.ptx 1564 : 5302136 590760319 0 1649784 207520 0 0 0 0 
mri-gridding.4.sm_70.ptx 4857 : 663978 137096976 0 0 0 0 0 0 0 
mri-gridding.4.sm_70.ptx 1565 : 5302136 83566777 0 0 0 0 0 0 0 
mri-gridding.4.sm_70.ptx 1566 : 5302136 458059639 0 1649784 207520 0 0 0 0 
mri-gridding.4.sm_70.ptx 1569 : 23906304 225336576 0 0 0 0 0 0 0 
mri-gridding.4.sm_70.ptx 1570 : 23906304 178322016 0 0 0 0 0 0 0 
mri-gridding.4.sm_70.ptx 4863 : 663978 211517908 0 0 0 0 0 0 0 
mri-gridding.4.sm_70.ptx 1571 : 23906304 192297536 0 0 0 0 0 0 0 
mri-gridding.4.sm_70.ptx 1572 : 23906304 151483712 0 0 0 0 0 0 0 
mri-gridding.4.sm_70.ptx 4867 : 663978 11797690 0 0 0 0 0 0 0 
mri-gridding.4.sm_70.ptx 1575 : 2656256 18388704 0 0 0 0 0 0 0 
mri-gridding.4.sm_70.ptx 1576 : 2656256 18798442 0 0 0 0 0 0 10376 
mri-gridding.4.sm_70.ptx 4878 : 663978 207680500 0 0 0 0 0 0 0 
mri-gridding.4.sm_70.ptx 1586 : 2656256 20367872 0 0 0 0 0 0 0 
mri-gridding.4.sm_70.ptx 1587 : 2656256 0 0 0 0 0 0 0 0 
mri-gridding.4.sm_70.ptx 4882 : 663978 11268762 0 0 0 0 0 0 0 
mri-gridding.4.sm_70.ptx 1590 : 23906304 174667584 0 0 0 0 0 0 0 
mri-gridding.4.sm_70.ptx 1591 : 23906304 157474880 0 0 0 0 0 0 0 
mri-gridding.4.sm_70.ptx 1578 : 10376 104763 0 0 0 0 0 0 0 
mri-gridding.4.sm_70.ptx 1579 : 10376 1008400 0 10376 10376 0 0 0 0 
mri-gridding.4.sm_70.ptx 4872 : 663978 131688134 0 0 0 0 0 0 0 
mri-gridding.4.sm_70.ptx 1580 : 10376 788904 0 10376 10376 0 0 0 0 
mri-gridding.4.sm_70.ptx 1581 : 10376 116886 0 0 0 0 0 0 0 
mri-gridding.4.sm_70.ptx 1582 : 10376 98826 0 0 0 0 0 0 0 
mri-gridding.4.sm_70.ptx 4875 : 663978 235255572 0 0 0 0 0 0 0 
mri-gridding.4.sm_70.ptx 1583 : 10376 772343 0 10376 10376 0 0 0 0 
mri-gridding.4.sm_70.ptx 4884 : 663978 129885448 0 0 0 342910 20750 0 0 
mri-gridding.4.sm_70.ptx 1592 : 23906304 194730816 0 0 0 0 0 0 0 
mri-gridding.4.sm_70.ptx 1593 : 23906304 131903896 0 0 0 0 0 0 51880 
mri-gridding.4.sm_70.ptx 1621 : 23906304 235211584 0 0 0 0 0 0 0 
mri-gridding.4.sm_70.ptx 4887 : 663978 127254472 0 0 0 0 0 0 0 
mri-gridding.4.sm_70.ptx 1595 : 5302136 55739780 0 0 0 0 0 0 0 
mri-gridding.4.sm_70.ptx 1622 : 23906304 203295072 0 0 0 0 0 0 0 
mri-gridding.4.sm_70.ptx 1596 : 5302136 60148103 0 0 0 0 0 0 0 
mri-gridding.4.sm_70.ptx 1623 : 23906304 159055296 0 0 0 0 0 0 0 
mri-gridding.4.sm_70.ptx 1597 : 5302136 58928331 0 0 0 0 0 0 0 
mri-gridding.4.sm_70.ptx 4890 : 663978 230003124 0 0 0 0 0 0 0 
mri-gridding.4.sm_70.ptx 1598 : 5302136 61526889 0 0 0 0 0 0 0 
mri-gridding.4.sm_70.ptx 1599 : 5302136 57774552 0 0 0 0 0 0 0 
mri-gridding.4.sm_70.ptx 1600 : 5302136 42798829 0 0 0 0 0 0 0 
mri-gridding.4.sm_70.ptx 4893 : 663978 201335252 0 0 0 0 0 0 0 
mri-gridding.4.sm_70.ptx 1601 : 5302136 40525535 0 0 0 0 0 0 0 
mri-gridding.4.sm_70.ptx 1602 : 5302136 53374879 0 0 0 0 0 0 0 
mri-gridding.4.sm_70.ptx 4895 : 663978 12540378 0 0 0 0 0 0 0 
mri-gridding.4.sm_70.ptx 1603 : 5302136 42645770 0 0 0 0 0 0 0 
mri-gridding.4.sm_70.ptx 4896 : 663978 92338896 0 0 0 341310 20750 0 0 
mri-gridding.4.sm_70.ptx 1604 : 5302136 40243396 0 0 0 0 0 0 0 
mri-gridding.4.sm_70.ptx 4897 : 663978 12241658 0 0 0 0 0 0 0 
mri-gridding.4.sm_70.ptx 1605 : 5302136 53341333 0 0 0 0 0 0 0 
mri-gridding.4.sm_70.ptx 1606 : 5302136 43703103 0 0 0 0 0 0 0 
mri-gridding.4.sm_70.ptx 4899 : 663978 136565680 0 0 0 341310 20750 0 0 
mri-gridding.4.sm_70.ptx 1607 : 5302136 62263950 0 0 0 0 0 0 0 
mri-gridding.4.sm_70.ptx 1608 : 5302136 599395068 0 1649784 207520 0 0 0 0 
mri-gridding.4.sm_70.ptx 1609 : 5302136 115682026 0 0 0 0 0 0 0 
mri-gridding.4.sm_70.ptx 4902 : 663978 132896112 0 0 0 0 0 0 0 
mri-gridding.4.sm_70.ptx 1610 : 5302136 73248634 0 0 0 0 0 0 0 
mri-gridding.4.sm_70.ptx 1611 : 5302136 66131452 0 0 0 0 0 0 0 
mri-gridding.4.sm_70.ptx 1612 : 5302136 54084954 0 0 0 0 0 0 0 
mri-gridding.4.sm_70.ptx 4905 : 663978 233321268 0 0 0 0 0 0 0 
mri-gridding.4.sm_70.ptx 1613 : 5302136 74286896 0 0 0 0 0 0 0 
mri-gridding.4.sm_70.ptx 1614 : 5302136 605035858 0 1649784 207520 0 0 0 0 
mri-gridding.4.sm_70.ptx 1615 : 5302136 523433828 0 1649784 207520 0 0 0 0 
mri-gridding.4.sm_70.ptx 4908 : 663978 203986292 0 0 0 0 0 0 0 
mri-gridding.4.sm_70.ptx 1616 : 5302136 640707664 0 1649784 207520 0 0 0 0 
mri-gridding.4.sm_70.ptx 1617 : 5302136 100404761 0 0 0 0 0 0 0 
mri-gridding.4.sm_70.ptx 1618 : 5302136 515367405 0 1649784 207520 0 0 0 0 
mri-gridding.4.sm_70.ptx 1626 : 2656256 29462880 0 0 0 0 0 0 0 
mri-gridding.4.sm_70.ptx 1627 : 2656256 266255872 0 166016 83008 0 0 0 0 
mri-gridding.4.sm_70.ptx 1628 : 2656256 91980352 0 0 0 0 0 0 0 
mri-gridding.4.sm_70.ptx 1629 : 2656256 227612640 0 166016 83008 0 0 0 0 
mri-gridding.4.sm_70.ptx 1630 : 2656256 179781312 0 166016 83008 0 0 0 0 
mri-gridding.4.sm_70.ptx 1631 : 2656256 59357120 0 0 0 0 0 0 0 
mri-gridding.4.sm_70.ptx 1632 : 2656256 218839136 0 166016 83008 0 0 0 0 
mri-gridding.4.sm_70.ptx 1633 : 2656256 43477120 0 0 0 0 0 0 0 
mri-gridding.4.sm_70.ptx 1634 : 2656256 33557440 0 0 0 0 0 0 0 
mri-gridding.4.sm_70.ptx 1635 : 2656256 149334336 0 166016 83008 0 0 0 0 
mri-gridding.4.sm_70.ptx 1636 : 2656256 193700288 0 166016 83008 0 0 0 0 
mri-gridding.4.sm_70.ptx 1637 : 2656256 63666688 0 0 0 0 0 0 0 
mri-gridding.4.sm_70.ptx 1638 : 2656256 189980288 0 166016 83008 0 0 0 0 
mri-gridding.4.sm_70.ptx 1639 : 2656256 147409664 0 166016 83008 0 0 0 0 
mri-gridding.4.sm_70.ptx 1640 : 2656256 45390912 0 0 0 0 0 0 0 
mri-gridding.4.sm_70.ptx 1641 : 2656256 197900832 0 166016 83008 0 0 0 0 
mri-gridding.4.sm_70.ptx 1642 : 2656256 39880032 0 0 0 0 0 0 0 
mri-gridding.4.sm_70.ptx 1643 : 2656256 29198880 0 0 0 0 0 0 0 
mri-gridding.4.sm_70.ptx 1644 : 2656256 147954304 0 166016 83008 0 0 0 0 
mri-gridding.4.sm_70.ptx 1645 : 2656256 49089472 0 0 0 0 0 0 0 
mri-gridding.4.sm_70.ptx 1646 : 2656256 233191872 0 332032 83008 0 0 0 0 
mri-gridding.4.sm_70.ptx 1647 : 2656256 32156896 0 0 0 0 0 0 0 
mri-gridding.4.sm_70.ptx 1648 : 2656256 40738496 0 0 0 0 0 0 0 
mri-gridding.4.sm_70.ptx 1649 : 2656256 230089280 0 332032 83008 0 0 0 0 
mri-gridding.4.sm_70.ptx 1650 : 2656256 31138080 0 0 0 0 0 0 0 
mri-gridding.4.sm_70.ptx 1651 : 2656256 37109440 0 0 0 0 0 0 0 
mri-gridding.4.sm_70.ptx 1652 : 2656256 220551328 0 332032 83008 0 0 0 0 
mri-gridding.4.sm_70.ptx 1653 : 2656256 28707840 0 0 0 0 0 0 0 
mri-gridding.4.sm_70.ptx 1654 : 2656256 36531648 0 0 0 0 0 0 0 
mri-gridding.4.sm_70.ptx 1655 : 2656256 215848384 0 332032 83008 0 0 0 0 
mri-gridding.4.sm_70.ptx 1656 : 2656256 29399968 0 0 0 0 0 0 0 
mri-gridding.4.sm_70.ptx 1657 : 2656256 33024736 0 0 0 0 0 0 0 
mri-gridding.4.sm_70.ptx 1658 : 2656256 193206176 0 83008 83008 0 0 0 0 
mri-gridding.4.sm_70.ptx 1659 : 2656256 26962112 0 0 0 0 0 0 0 
mri-gridding.4.sm_70.ptx 1660 : 2656256 24025728 0 0 0 0 0 0 0 
mri-gridding.4.sm_70.ptx 1661 : 2656256 29973312 0 0 0 0 0 0 0 
mri-gridding.4.sm_70.ptx 1662 : 2656256 20175552 0 0 0 0 0 0 0 
mri-gridding.4.sm_70.ptx 1663 : 2656256 21203136 0 0 0 0 0 0 0 
mri-gridding.4.sm_70.ptx 1664 : 2656256 28827392 0 0 0 0 0 0 0 
mri-gridding.4.sm_70.ptx 1665 : 2656256 19276384 0 0 0 0 0 0 0 
mri-gridding.4.sm_70.ptx 1666 : 2656256 21524928 0 0 0 0 0 0 0 
mri-gridding.4.sm_70.ptx 1667 : 2656256 28412448 0 0 0 0 0 0 0 
mri-gridding.4.sm_70.ptx 1668 : 2656256 18770240 0 0 0 0 0 0 0 
mri-gridding.4.sm_70.ptx 1669 : 2656256 19909856 0 0 0 0 0 0 0 
mri-gridding.4.sm_70.ptx 1670 : 2656256 27402592 0 0 0 0 0 0 0 
mri-gridding.4.sm_70.ptx 1671 : 2656256 16436032 0 0 0 0 0 0 0 
mri-gridding.4.sm_70.ptx 1672 : 2656256 27049984 0 0 0 0 0 0 0 
mri-gridding.4.sm_70.ptx 1673 : 2656256 18336416 0 0 0 0 0 0 0 
mri-gridding.4.sm_70.ptx 1674 : 2656256 12194368 0 0 0 0 0 0 0 
mri-gridding.4.sm_70.ptx 1676 : 664064 430 0 0 0 0 0 0 1 
mri-gridding.4.sm_70.ptx 1678 : 663978 6896698 0 0 0 0 0 0 0 
mri-gridding.4.sm_70.ptx 1679 : 663978 6616794 0 0 0 0 0 0 0 
mri-gridding.4.sm_70.ptx 1680 : 663978 7717210 0 0 0 0 0 0 0 
mri-gridding.4.sm_70.ptx 1681 : 663978 86841382 0 0 0 331989 20750 0 0 
mri-gridding.4.sm_70.ptx 1682 : 663978 20746970 0 0 0 0 0 0 0 
mri-gridding.4.sm_70.ptx 1683 : 663978 15369266 0 0 0 0 0 0 0 
mri-gridding.4.sm_70.ptx 1685 : 663978 231736520 0 0 0 331989 20750 0 0 
mri-gridding.4.sm_70.ptx 1688 : 663978 233919522 0 0 0 0 0 0 0 
mri-gridding.4.sm_70.ptx 1690 : 663978 114197426 0 0 0 0 0 0 0 
mri-gridding.4.sm_70.ptx 1691 : 663978 35124146 0 0 0 0 0 0 0 
mri-gridding.4.sm_70.ptx 1693 : 663978 607819418 0 0 0 0 0 0 0 
mri-gridding.4.sm_70.ptx 1696 : 663978 609208666 0 0 0 0 0 0 0 
mri-gridding.4.sm_70.ptx 1698 : 663978 120653338 0 0 0 0 0 0 0 
mri-gridding.4.sm_70.ptx 1699 : 663978 47146074 0 0 0 0 0 0 0 
mri-gridding.4.sm_70.ptx 1700 : 663978 36239322 0 0 0 0 0 0 0 
mri-gridding.4.sm_70.ptx 1701 : 663978 221714502 0 0 0 331989 20750 0 0 
mri-gridding.4.sm_70.ptx 1702 : 663978 51400570 0 0 0 0 0 0 0 
mri-gridding.4.sm_70.ptx 1704 : 663978 255957926 0 0 0 331989 20750 0 0 
mri-gridding.4.sm_70.ptx 1707 : 663978 244904614 0 0 0 0 0 0 0 
mri-gridding.4.sm_70.ptx 1710 : 663978 654685400 0 0 0 0 0 0 0 
mri-gridding.4.sm_70.ptx 1713 : 663978 620954200 0 0 0 0 0 0 0 
mri-gridding.4.sm_70.ptx 1715 : 663978 120081978 0 0 0 0 0 0 0 
mri-gridding.4.sm_70.ptx 1716 : 663978 62257146 0 0 0 0 0 0 0 
mri-gridding.4.sm_70.ptx 1717 : 663978 48600442 0 0 0 0 0 0 0 
mri-gridding.4.sm_70.ptx 1718 : 663978 246596058 0 0 0 331989 20750 0 0 
mri-gridding.4.sm_70.ptx 1719 : 663978 52545050 0 0 0 0 0 0 0 
mri-gridding.4.sm_70.ptx 1721 : 663978 277960584 0 0 0 331989 20750 0 0 
mri-gridding.4.sm_70.ptx 1724 : 663978 265635752 0 0 0 0 0 0 0 
mri-gridding.4.sm_70.ptx 1727 : 663978 634773524 0 0 0 0 0 0 0 
mri-gridding.4.sm_70.ptx 1730 : 663978 596466548 0 0 0 0 0 0 0 
mri-gridding.4.sm_70.ptx 1732 : 663978 117391642 0 0 0 0 0 0 0 
mri-gridding.4.sm_70.ptx 1733 : 663978 80922906 0 0 0 0 0 0 0 
mri-gridding.4.sm_70.ptx 1734 : 663978 60688794 0 0 0 0 0 0 0 
mri-gridding.4.sm_70.ptx 1735 : 663978 285794982 0 0 0 331989 20750 0 0 
mri-gridding.4.sm_70.ptx 1736 : 663978 72874330 0 0 0 0 0 0 0 
mri-gridding.4.sm_70.ptx 1738 : 663978 310419270 0 0 0 331989 20750 0 0 
mri-gridding.4.sm_70.ptx 1741 : 663978 295372966 0 0 0 0 0 0 0 
mri-gridding.4.sm_70.ptx 1744 : 663978 641710356 0 0 0 0 0 0 0 
mri-gridding.4.sm_70.ptx 1747 : 663978 604309812 0 0 0 0 0 0 0 
mri-gridding.4.sm_70.ptx 1749 : 663978 116850394 0 0 0 0 0 0 0 
mri-gridding.4.sm_70.ptx 1750 : 663978 351307006 0 0 0 331989 20750 0 0 
mri-gridding.4.sm_70.ptx 1751 : 663978 92914746 0 0 0 0 0 0 0 
mri-gridding.4.sm_70.ptx 1753 : 663978 356916268 0 0 0 331989 20750 0 0 
mri-gridding.4.sm_70.ptx 1756 : 663978 335017228 0 0 0 0 0 0 0 
mri-gridding.4.sm_70.ptx 1759 : 663978 605154420 0 0 0 0 0 0 0 
mri-gridding.4.sm_70.ptx 1779 : 663978 96954138 0 0 0 0 0 0 0 
mri-gridding.4.sm_70.ptx 1786 : 663978 335237830 0 0 0 0 0 0 0 
mri-gridding.4.sm_70.ptx 1792 : 663978 524096500 0 0 0 0 0 0 0 
mri-gridding.4.sm_70.ptx 1795 : 663978 379358652 0 0 0 331989 20750 0 0 
mri-gridding.4.sm_70.ptx 1796 : 663978 100532858 0 0 0 0 0 0 0 
