kernel line : count latency dram_traffic smem_bk_conflicts smem_warp gmem_access_generated gmem_warp exposed_latency warp_divergence
main.1.sm_70.ptx 1670 : 3072 15360 0 0 0 0 0 0 0 
main.1.sm_70.ptx 1661 : 12 3040 0 0 0 0 0 0 0 
main.1.sm_70.ptx 1659 : 12 627 0 0 0 0 0 0 0 
main.1.sm_70.ptx 1658 : 12 68 0 0 0 0 0 0 0 
main.1.sm_70.ptx 1666 : 3072 901696 0 0 0 0 0 0 0 
main.1.sm_70.ptx 1656 : 3072 186287 0 0 0 0 0 0 12 
main.1.sm_70.ptx 1655 : 3072 18432 0 0 0 0 0 0 0 
main.1.sm_70.ptx 1654 : 3072 27648 0 0 0 0 0 0 0 
main.1.sm_70.ptx 1653 : 3072 18624 0 0 0 0 0 0 0 
main.1.sm_70.ptx 1652 : 3072 28864 0 0 0 0 0 0 0 
main.1.sm_70.ptx 1651 : 3072 21984 0 0 0 0 0 0 0 
main.1.sm_70.ptx 1650 : 3072 30400 0 0 0 0 0 0 0 
main.1.sm_70.ptx 1649 : 3072 39776 0 0 0 0 0 0 0 
main.1.sm_70.ptx 1648 : 3072 19392 0 0 0 0 0 0 0 
main.1.sm_70.ptx 1647 : 3072 19264 0 0 0 0 0 0 0 
main.1.sm_70.ptx 1646 : 3072 867936 0 0 0 0 0 0 0 
main.1.sm_70.ptx 1645 : 3072 1464768 0 0 0 3072 96 0 0 
main.1.sm_70.ptx 1644 : 3072 1461536 0 0 0 3072 96 0 0 
main.1.sm_70.ptx 1643 : 3072 1447616 0 0 0 3072 96 0 0 
main.1.sm_70.ptx 1642 : 3072 1401632 0 0 0 3072 96 0 0 
main.1.sm_70.ptx 1641 : 3072 1333152 0 0 0 3072 96 0 0 
main.1.sm_70.ptx 1640 : 3072 1222144 0 0 0 3072 96 0 0 
main.1.sm_70.ptx 1639 : 3072 1079840 0 0 0 3072 96 0 0 
main.1.sm_70.ptx 1638 : 3072 948096 0 0 0 3072 96 0 0 
main.1.sm_70.ptx 1637 : 3072 790880 0 0 0 3072 96 0 0 
main.1.sm_70.ptx 1636 : 3072 27648 0 0 0 0 0 0 0 
main.1.sm_70.ptx 1635 : 3072 28896 0 0 0 0 0 0 0 
main.1.sm_70.ptx 1634 : 3072 84384 0 0 0 0 0 0 0 
main.1.sm_70.ptx 1633 : 3072 656768 0 0 0 0 0 0 0 
main.1.sm_70.ptx 1632 : 3072 188576 0 0 0 0 0 0 0 
main.1.sm_70.ptx 1631 : 3072 16480 0 0 0 0 0 0 0 
main.1.sm_70.ptx 1630 : 3072 26336 0 0 0 0 0 0 0 
main.1.sm_70.ptx 1628 : 3072 0 0 0 0 0 0 0 0 
main.1.sm_70.ptx 1627 : 3072 137280 0 0 0 0 0 0 0 
main.1.sm_70.ptx 1626 : 3072 831872 0 0 0 3072 96 0 0 
main.1.sm_70.ptx 1625 : 3072 71680 0 0 0 0 0 0 0 
main.1.sm_70.ptx 1624 : 3072 22400 0 0 0 0 0 0 0 
main.1.sm_70.ptx 1622 : 3072 0 0 0 0 0 0 0 0 
main.1.sm_70.ptx 1621 : 3072 18432 0 0 0 0 0 0 0 
main.1.sm_70.ptx 1620 : 3072 151264 0 0 0 0 0 0 0 
main.1.sm_70.ptx 1618 : 49152 244416 0 0 0 0 0 0 0 
main.1.sm_70.ptx 1617 : 49152 299424 0 0 0 0 0 0 0 
main.1.sm_70.ptx 1616 : 49152 465984 0 0 0 0 0 0 0 
main.1.sm_70.ptx 1613 : 3072 29202 0 0 0 0 0 0 0 
main.1.sm_70.ptx 1612 : 3072 29106 0 0 0 0 0 0 0 
main.1.sm_70.ptx 1611 : 3072 29064 0 0 0 0 0 0 0 
main.1.sm_70.ptx 1610 : 3072 28790 0 0 0 0 0 0 0 
main.1.sm_70.ptx 1609 : 3072 28654 0 0 0 0 0 0 0 
main.1.sm_70.ptx 1608 : 3072 28382 0 0 0 0 0 0 0 
main.1.sm_70.ptx 1607 : 3072 28086 0 0 0 0 0 0 0 
main.1.sm_70.ptx 1606 : 3072 27894 0 0 0 0 0 0 0 
main.1.sm_70.ptx 1604 : 49152 241290 0 0 0 0 0 0 1536 
main.1.sm_70.ptx 1603 : 49152 300192 0 0 0 0 0 0 0 
main.1.sm_70.ptx 1602 : 49152 300384 0 0 0 0 0 0 0 
main.1.sm_70.ptx 1601 : 49152 1285216 0 0 0 0 0 0 0 
main.1.sm_70.ptx 1600 : 49152 264288 0 0 0 0 0 0 0 
main.1.sm_70.ptx 1599 : 49152 300480 0 0 0 0 0 0 0 
main.1.sm_70.ptx 1598 : 49152 1281408 0 0 0 0 0 0 0 
main.1.sm_70.ptx 1597 : 49152 265248 0 0 0 0 0 0 0 
main.1.sm_70.ptx 1596 : 49152 304704 0 0 0 0 0 0 0 
main.1.sm_70.ptx 1595 : 49152 1284608 0 0 0 0 0 0 0 
main.1.sm_70.ptx 1594 : 49152 258912 0 0 0 0 0 0 0 
main.1.sm_70.ptx 1593 : 49152 297888 0 0 0 0 0 0 0 
main.1.sm_70.ptx 1592 : 49152 1281696 0 0 0 0 0 0 0 
main.1.sm_70.ptx 1591 : 49152 254400 0 0 0 0 0 0 0 
main.1.sm_70.ptx 1590 : 49152 298560 0 0 0 0 0 0 0 
main.1.sm_70.ptx 1589 : 49152 1285056 0 0 0 0 0 0 0 
main.1.sm_70.ptx 1588 : 49152 253696 0 0 0 0 0 0 0 
main.1.sm_70.ptx 1587 : 49152 296448 0 0 0 0 0 0 0 
main.1.sm_70.ptx 1586 : 49152 1280544 0 0 0 0 0 0 0 
main.1.sm_70.ptx 1585 : 49152 251360 0 0 0 0 0 0 0 
main.1.sm_70.ptx 1584 : 49152 300480 0 0 0 0 0 0 0 
main.1.sm_70.ptx 1583 : 49152 1284000 0 0 0 0 0 0 0 
main.1.sm_70.ptx 1582 : 49152 252768 0 0 0 0 0 0 0 
main.1.sm_70.ptx 1581 : 49152 295392 0 0 0 0 0 0 0 
main.1.sm_70.ptx 1580 : 49152 1279872 0 0 0 0 0 0 0 
main.1.sm_70.ptx 1579 : 49152 251712 0 0 0 0 0 0 0 
main.1.sm_70.ptx 1578 : 49152 442656 0 0 0 0 0 0 0 
main.1.sm_70.ptx 1577 : 49152 295200 0 0 0 0 0 0 0 
main.1.sm_70.ptx 1576 : 49152 1278720 0 0 0 0 0 0 0 
main.1.sm_70.ptx 1575 : 49152 248832 0 0 0 0 0 0 0 
main.1.sm_70.ptx 1574 : 49152 442464 0 0 0 0 0 0 0 
main.1.sm_70.ptx 1573 : 49152 295008 0 0 0 0 0 0 0 
main.1.sm_70.ptx 1572 : 49152 1278816 0 0 0 0 0 0 0 
main.1.sm_70.ptx 1571 : 49152 248928 0 0 0 0 0 0 0 
main.1.sm_70.ptx 1570 : 49152 442368 0 0 0 0 0 0 0 
main.1.sm_70.ptx 1569 : 49152 295200 0 0 0 0 0 0 0 
main.1.sm_70.ptx 1568 : 49152 1278720 0 0 0 0 0 0 0 
main.1.sm_70.ptx 1567 : 49152 248352 0 0 0 0 0 0 0 
main.1.sm_70.ptx 1566 : 49152 442464 0 0 0 0 0 0 0 
main.1.sm_70.ptx 1565 : 49152 295104 0 0 0 0 0 0 0 
main.1.sm_70.ptx 1564 : 49152 1279008 0 0 0 0 0 0 0 
main.1.sm_70.ptx 1563 : 49152 249120 0 0 0 0 0 0 0 
main.1.sm_70.ptx 1562 : 49152 442752 0 0 0 0 0 0 0 
main.1.sm_70.ptx 1561 : 49152 295104 0 0 0 0 0 0 0 
main.1.sm_70.ptx 1560 : 49152 1278912 0 0 0 0 0 0 0 
main.1.sm_70.ptx 1559 : 49152 250752 0 0 0 0 0 0 0 
main.1.sm_70.ptx 1558 : 49152 442752 0 0 0 0 0 0 0 
main.1.sm_70.ptx 1557 : 49152 295008 0 0 0 0 0 0 0 
main.1.sm_70.ptx 1556 : 49152 1279968 0 0 0 0 0 0 0 
main.1.sm_70.ptx 1555 : 49152 252384 0 0 0 0 0 0 0 
main.1.sm_70.ptx 1554 : 49152 442464 0 0 0 0 0 0 0 
main.1.sm_70.ptx 1553 : 49152 295392 0 0 0 0 0 0 0 
main.1.sm_70.ptx 1552 : 49152 1278912 0 0 0 0 0 0 0 
main.1.sm_70.ptx 1551 : 49152 252768 0 0 0 0 0 0 0 
main.1.sm_70.ptx 1550 : 49152 442560 0 0 0 0 0 0 0 
main.1.sm_70.ptx 1549 : 49152 295392 0 0 0 0 0 0 0 
main.1.sm_70.ptx 1548 : 49152 1278624 0 0 0 0 0 0 0 
main.1.sm_70.ptx 1547 : 49152 253824 0 0 0 0 0 0 0 
main.1.sm_70.ptx 1546 : 49152 443136 0 0 0 0 0 0 0 
main.1.sm_70.ptx 1545 : 49152 295008 0 0 0 0 0 0 0 
main.1.sm_70.ptx 1544 : 49152 442752 0 0 0 0 0 0 0 
main.1.sm_70.ptx 1543 : 49152 295392 0 0 0 0 0 0 0 
main.1.sm_70.ptx 1542 : 49152 443040 0 0 0 0 0 0 0 
main.1.sm_70.ptx 1541 : 49152 294912 0 0 0 0 0 0 0 
main.1.sm_70.ptx 1540 : 49152 442464 0 0 0 0 0 0 0 
main.1.sm_70.ptx 1539 : 49152 295296 0 0 0 0 0 0 0 
main.1.sm_70.ptx 1538 : 49152 442464 0 0 0 0 0 0 0 
main.1.sm_70.ptx 1537 : 49152 295392 0 0 0 0 0 0 0 
main.1.sm_70.ptx 1536 : 49152 442560 0 0 0 0 0 0 0 
main.1.sm_70.ptx 1535 : 49152 295008 0 0 0 0 0 0 0 
main.1.sm_70.ptx 1534 : 49152 442656 0 0 0 0 0 0 0 
main.1.sm_70.ptx 1533 : 49152 295104 0 0 0 0 0 0 0 
main.1.sm_70.ptx 1532 : 49152 442368 0 0 0 0 0 0 0 
main.1.sm_70.ptx 1531 : 49152 295104 0 0 0 0 0 0 0 
main.1.sm_70.ptx 1530 : 49152 442560 0 0 0 0 0 0 0 
main.1.sm_70.ptx 1529 : 49152 295200 0 0 0 0 0 0 0 
main.1.sm_70.ptx 1528 : 49152 442368 0 0 0 0 0 0 0 
main.1.sm_70.ptx 1527 : 49152 294912 0 0 0 0 0 0 0 
main.1.sm_70.ptx 1526 : 49152 442368 0 0 0 0 0 0 0 
main.1.sm_70.ptx 1525 : 49152 295104 0 0 0 0 0 0 0 
main.1.sm_70.ptx 1524 : 49152 442368 0 0 0 0 0 0 0 
main.1.sm_70.ptx 1523 : 49152 295104 0 0 0 0 0 0 0 
main.1.sm_70.ptx 1522 : 49152 442368 0 0 0 0 0 0 0 
main.1.sm_70.ptx 1521 : 49152 295008 0 0 0 0 0 0 0 
main.1.sm_70.ptx 1520 : 49152 442368 0 0 0 0 0 0 0 
main.1.sm_70.ptx 1519 : 49152 295008 0 0 0 0 0 0 0 
main.1.sm_70.ptx 1518 : 49152 442368 0 0 0 0 0 0 0 
main.1.sm_70.ptx 1517 : 49152 295104 0 0 0 0 0 0 0 
main.1.sm_70.ptx 1516 : 49152 442464 0 0 0 0 0 0 0 
main.1.sm_70.ptx 1515 : 49152 295008 0 0 0 0 0 0 0 
main.1.sm_70.ptx 1514 : 49152 442464 0 0 0 0 0 0 0 
main.1.sm_70.ptx 1513 : 49152 295008 0 0 0 0 0 0 0 
main.1.sm_70.ptx 1512 : 49152 442656 0 0 0 0 0 0 0 
main.1.sm_70.ptx 1511 : 49152 294912 0 0 0 0 0 0 0 
main.1.sm_70.ptx 1510 : 49152 442464 0 0 0 0 0 0 0 
main.1.sm_70.ptx 1509 : 49152 295008 0 0 0 0 0 0 0 
main.1.sm_70.ptx 1508 : 49152 442368 0 0 0 0 0 0 0 
main.1.sm_70.ptx 1507 : 49152 294912 0 0 0 0 0 0 0 
main.1.sm_70.ptx 1506 : 49152 442560 0 0 0 0 0 0 0 
main.1.sm_70.ptx 1505 : 49152 294912 0 0 0 0 0 0 0 
main.1.sm_70.ptx 1504 : 49152 442560 0 0 0 0 0 0 0 
main.1.sm_70.ptx 1503 : 49152 295008 0 0 0 0 0 0 0 
main.1.sm_70.ptx 1502 : 49152 442464 0 0 0 0 0 0 0 
main.1.sm_70.ptx 1501 : 49152 295104 0 0 0 0 0 0 0 
main.1.sm_70.ptx 1500 : 49152 442848 0 0 0 0 0 0 0 
main.1.sm_70.ptx 1499 : 49152 295296 0 0 0 0 0 0 0 
main.1.sm_70.ptx 1498 : 49152 442560 0 0 0 0 0 0 0 
main.1.sm_70.ptx 1497 : 49152 295008 0 0 0 0 0 0 0 
main.1.sm_70.ptx 1496 : 49152 442656 0 0 0 0 0 0 0 
main.1.sm_70.ptx 1495 : 49152 295200 0 0 0 0 0 0 0 
main.1.sm_70.ptx 1494 : 49152 442752 0 0 0 0 0 0 0 
main.1.sm_70.ptx 1493 : 49152 295680 0 0 0 0 0 0 0 
main.1.sm_70.ptx 1492 : 49152 442656 0 0 0 0 0 0 0 
main.1.sm_70.ptx 1491 : 49152 295680 0 0 0 0 0 0 0 
main.1.sm_70.ptx 1490 : 49152 442848 0 0 0 0 0 0 0 
main.1.sm_70.ptx 1489 : 49152 295104 0 0 0 0 0 0 0 
main.1.sm_70.ptx 1488 : 49152 442464 0 0 0 0 0 0 0 
main.1.sm_70.ptx 1487 : 49152 297216 0 0 0 0 0 0 0 
main.1.sm_70.ptx 1486 : 49152 442848 0 0 0 0 0 0 0 
main.1.sm_70.ptx 1485 : 49152 295008 0 0 0 0 0 0 0 
main.1.sm_70.ptx 1484 : 49152 442944 0 0 0 0 0 0 0 
main.1.sm_70.ptx 1483 : 49152 295872 0 0 0 0 0 0 0 
main.1.sm_70.ptx 1482 : 49152 250080 0 0 0 0 0 0 0 
main.1.sm_70.ptx 1481 : 49152 253056 0 0 0 0 0 0 0 
main.1.sm_70.ptx 1061 : 49152 248928 0 0 0 0 0 0 0 
main.1.sm_70.ptx 1060 : 3145728 15806016 0 0 0 0 0 0 0 
main.1.sm_70.ptx 1059 : 3145728 18931776 0 0 0 0 0 0 0 
main.1.sm_70.ptx 1058 : 3145728 28371072 0 0 0 0 0 0 0 
main.1.sm_70.ptx 1057 : 3145728 18940704 0 0 0 0 0 0 0 
main.1.sm_70.ptx 1053 : 3145728 28360704 0 0 0 0 0 0 0 
main.1.sm_70.ptx 1052 : 3145728 18920544 0 0 0 0 0 0 0 
main.1.sm_70.ptx 1051 : 3145728 25965120 0 0 0 0 0 0 0 
main.1.sm_70.ptx 1050 : 3145728 18936768 0 0 0 0 0 0 0 
main.1.sm_70.ptx 1049 : 3145728 19152096 0 0 0 0 0 0 0 
main.1.sm_70.ptx 1044 : 3145728 28360128 0 0 0 0 0 0 0 
main.1.sm_70.ptx 1043 : 3145728 18948672 0 0 0 0 0 0 0 
main.1.sm_70.ptx 1042 : 3145728 18937152 0 0 0 0 0 0 0 
main.1.sm_70.ptx 1038 : 3145728 28387968 0 0 0 0 0 0 0 
main.1.sm_70.ptx 1037 : 3145728 18931968 0 0 0 0 0 0 0 
main.1.sm_70.ptx 1036 : 3145728 25964256 0 0 0 0 0 0 0 
main.1.sm_70.ptx 1035 : 3145728 18940512 0 0 0 0 0 0 0 
main.1.sm_70.ptx 1034 : 3145728 19218624 0 0 0 0 0 0 0 
main.1.sm_70.ptx 1029 : 3145728 31676544 0 0 0 0 0 0 0 
main.1.sm_70.ptx 1028 : 3145728 18956640 0 0 0 0 0 0 0 
main.1.sm_70.ptx 1024 : 3145728 28378464 0 0 0 0 0 0 0 
main.1.sm_70.ptx 1023 : 3145728 18962592 0 0 0 0 0 0 0 
main.1.sm_70.ptx 1022 : 3145728 26116896 0 0 0 0 0 0 0 
main.1.sm_70.ptx 1021 : 3145728 18967200 0 0 0 0 0 0 0 
main.1.sm_70.ptx 1020 : 3145728 18985152 0 0 0 0 0 0 0 
main.1.sm_70.ptx 1015 : 3145728 16617984 0 0 0 0 0 0 0 
main.1.sm_70.ptx 1011 : 3145728 28375488 0 0 0 0 0 0 0 
main.1.sm_70.ptx 1010 : 3145728 18932928 0 0 0 0 0 0 0 
main.1.sm_70.ptx 1009 : 3145728 25981728 0 0 0 0 0 0 0 
main.1.sm_70.ptx 452 : 49152 298848 0 0 0 0 0 0 0 
main.1.sm_70.ptx 442 : 49152 304320 0 0 0 0 0 0 0 
main.1.sm_70.ptx 441 : 49152 493824 0 0 0 0 0 0 0 
main.1.sm_70.ptx 440 : 49152 302592 0 0 0 0 0 0 0 
main.1.sm_70.ptx 439 : 49152 304320 0 0 0 0 0 0 0 
main.1.sm_70.ptx 438 : 49152 446688 0 0 0 0 0 0 0 
main.1.sm_70.ptx 437 : 49152 298752 0 0 0 0 0 0 0 
main.1.sm_70.ptx 436 : 49152 495456 0 0 0 0 0 0 0 
main.1.sm_70.ptx 435 : 49152 297984 0 0 0 0 0 0 0 
main.1.sm_70.ptx 434 : 49152 297120 0 0 0 0 0 0 0 
main.1.sm_70.ptx 433 : 49152 297216 0 0 0 0 0 0 0 
main.1.sm_70.ptx 432 : 49152 298848 0 0 0 0 0 0 0 
main.1.sm_70.ptx 431 : 49152 296928 0 0 0 0 0 0 0 
main.1.sm_70.ptx 430 : 49152 302688 0 0 0 0 0 0 0 
main.1.sm_70.ptx 429 : 49152 445344 0 0 0 0 0 0 0 
main.1.sm_70.ptx 428 : 49152 300480 0 0 0 0 0 0 0 
main.1.sm_70.ptx 427 : 49152 494208 0 0 0 0 0 0 0 
main.1.sm_70.ptx 426 : 49152 300480 0 0 0 0 0 0 0 
main.1.sm_70.ptx 425 : 49152 304416 0 0 0 0 0 0 0 
main.1.sm_70.ptx 424 : 49152 495168 0 0 0 0 0 0 0 
main.1.sm_70.ptx 423 : 49152 302208 0 0 0 0 0 0 0 
main.1.sm_70.ptx 422 : 49152 304032 0 0 0 0 0 0 0 
main.1.sm_70.ptx 421 : 49152 446112 0 0 0 0 0 0 0 
main.1.sm_70.ptx 420 : 49152 298080 0 0 0 0 0 0 0 
main.1.sm_70.ptx 419 : 49152 495360 0 0 0 0 0 0 0 
main.1.sm_70.ptx 418 : 49152 298272 0 0 0 0 0 0 0 
main.1.sm_70.ptx 417 : 49152 296448 0 0 0 0 0 0 0 
main.1.sm_70.ptx 416 : 49152 296928 0 0 0 0 0 0 0 
main.1.sm_70.ptx 415 : 49152 298944 0 0 0 0 0 0 0 
main.1.sm_70.ptx 414 : 49152 297696 0 0 0 0 0 0 0 
main.1.sm_70.ptx 413 : 49152 301632 0 0 0 0 0 0 0 
main.1.sm_70.ptx 412 : 49152 445824 0 0 0 0 0 0 0 
main.1.sm_70.ptx 411 : 49152 301920 0 0 0 0 0 0 0 
main.1.sm_70.ptx 410 : 49152 494496 0 0 0 0 0 0 0 
main.1.sm_70.ptx 409 : 49152 304032 0 0 0 0 0 0 0 
main.1.sm_70.ptx 408 : 49152 305568 0 0 0 0 0 0 0 
main.1.sm_70.ptx 407 : 49152 494976 0 0 0 0 0 0 0 
main.1.sm_70.ptx 406 : 49152 302688 0 0 0 0 0 0 0 
main.1.sm_70.ptx 405 : 49152 304992 0 0 0 0 0 0 0 
main.1.sm_70.ptx 404 : 49152 447264 0 0 0 0 0 0 0 
main.1.sm_70.ptx 403 : 49152 297888 0 0 0 0 0 0 0 
main.1.sm_70.ptx 402 : 49152 494592 0 0 0 0 0 0 0 
main.1.sm_70.ptx 401 : 49152 297120 0 0 0 0 0 0 0 
main.1.sm_70.ptx 400 : 49152 297024 0 0 0 0 0 0 0 
main.1.sm_70.ptx 399 : 49152 296928 0 0 0 0 0 0 0 
main.1.sm_70.ptx 398 : 49152 298368 0 0 0 0 0 0 0 
main.1.sm_70.ptx 397 : 49152 297600 0 0 0 0 0 0 0 
main.1.sm_70.ptx 396 : 49152 302784 0 0 0 0 0 0 0 
main.1.sm_70.ptx 395 : 49152 444768 0 0 0 0 0 0 0 
main.1.sm_70.ptx 394 : 49152 301440 0 0 0 0 0 0 0 
main.1.sm_70.ptx 393 : 49152 494496 0 0 0 0 0 0 0 
main.1.sm_70.ptx 392 : 49152 301728 0 0 0 0 0 0 0 
main.1.sm_70.ptx 391 : 49152 303744 0 0 0 0 0 0 0 
main.1.sm_70.ptx 390 : 49152 496032 0 0 0 0 0 0 0 
main.1.sm_70.ptx 389 : 49152 302112 0 0 0 0 0 0 0 
main.1.sm_70.ptx 388 : 49152 303552 0 0 0 0 0 0 0 
main.1.sm_70.ptx 387 : 49152 446400 0 0 0 0 0 0 0 
main.1.sm_70.ptx 386 : 49152 297984 0 0 0 0 0 0 0 
main.1.sm_70.ptx 385 : 49152 495072 0 0 0 0 0 0 0 
main.1.sm_70.ptx 384 : 49152 297216 0 0 0 0 0 0 0 
main.1.sm_70.ptx 383 : 49152 297600 0 0 0 0 0 0 0 
main.1.sm_70.ptx 382 : 49152 296448 0 0 0 0 0 0 0 
main.1.sm_70.ptx 381 : 49152 297888 0 0 0 0 0 0 0 
main.1.sm_70.ptx 380 : 49152 298368 0 0 0 0 0 0 0 
main.1.sm_70.ptx 379 : 49152 302592 0 0 0 0 0 0 0 
main.1.sm_70.ptx 378 : 49152 444096 0 0 0 0 0 0 0 
main.1.sm_70.ptx 377 : 49152 301344 0 0 0 0 0 0 0 
main.1.sm_70.ptx 376 : 49152 494880 0 0 0 0 0 0 0 
main.1.sm_70.ptx 375 : 49152 301632 0 0 0 0 0 0 0 
main.1.sm_70.ptx 374 : 49152 304992 0 0 0 0 0 0 0 
main.1.sm_70.ptx 373 : 49152 494976 0 0 0 0 0 0 0 
main.1.sm_70.ptx 372 : 49152 302304 0 0 0 0 0 0 0 
main.1.sm_70.ptx 371 : 49152 302592 0 0 0 0 0 0 0 
main.1.sm_70.ptx 370 : 49152 446496 0 0 0 0 0 0 0 
main.1.sm_70.ptx 369 : 49152 297216 0 0 0 0 0 0 0 
main.1.sm_70.ptx 368 : 49152 493824 0 0 0 0 0 0 0 
main.1.sm_70.ptx 367 : 49152 296928 0 0 0 0 0 0 0 
main.1.sm_70.ptx 366 : 49152 297120 0 0 0 0 0 0 0 
main.1.sm_70.ptx 365 : 49152 297408 0 0 0 0 0 0 0 
main.1.sm_70.ptx 364 : 49152 298752 0 0 0 0 0 0 0 
main.1.sm_70.ptx 363 : 49152 297984 0 0 0 0 0 0 0 
main.1.sm_70.ptx 362 : 49152 302784 0 0 0 0 0 0 0 
main.1.sm_70.ptx 361 : 49152 444096 0 0 0 0 0 0 0 
main.1.sm_70.ptx 360 : 49152 300960 0 0 0 0 0 0 0 
main.1.sm_70.ptx 359 : 49152 494784 0 0 0 0 0 0 0 
main.1.sm_70.ptx 358 : 49152 301824 0 0 0 0 0 0 0 
main.1.sm_70.ptx 357 : 49152 304416 0 0 0 0 0 0 0 
main.1.sm_70.ptx 356 : 49152 494880 0 0 0 0 0 0 0 
main.1.sm_70.ptx 355 : 49152 302304 0 0 0 0 0 0 0 
main.1.sm_70.ptx 354 : 49152 304320 0 0 0 0 0 0 0 
main.1.sm_70.ptx 353 : 49152 445248 0 0 0 0 0 0 0 
main.1.sm_70.ptx 352 : 49152 298560 0 0 0 0 0 0 0 
main.1.sm_70.ptx 351 : 49152 495264 0 0 0 0 0 0 0 
main.1.sm_70.ptx 350 : 49152 297312 0 0 0 0 0 0 0 
main.1.sm_70.ptx 349 : 49152 297600 0 0 0 0 0 0 0 
main.1.sm_70.ptx 348 : 49152 297120 0 0 0 0 0 0 0 
main.1.sm_70.ptx 347 : 49152 298560 0 0 0 0 0 0 0 
main.1.sm_70.ptx 346 : 49152 297696 0 0 0 0 0 0 0 
main.1.sm_70.ptx 345 : 49152 302400 0 0 0 0 0 0 0 
main.1.sm_70.ptx 344 : 49152 444768 0 0 0 0 0 0 0 
main.1.sm_70.ptx 343 : 49152 299808 0 0 0 0 0 0 0 
main.1.sm_70.ptx 342 : 49152 495456 0 0 0 0 0 0 0 
main.1.sm_70.ptx 341 : 49152 301824 0 0 0 0 0 0 0 
main.1.sm_70.ptx 340 : 49152 303936 0 0 0 0 0 0 0 
main.1.sm_70.ptx 339 : 49152 495264 0 0 0 0 0 0 0 
main.1.sm_70.ptx 338 : 49152 302784 0 0 0 0 0 0 0 
main.1.sm_70.ptx 337 : 49152 304896 0 0 0 0 0 0 0 
main.1.sm_70.ptx 336 : 49152 446592 0 0 0 0 0 0 0 
main.1.sm_70.ptx 335 : 49152 298752 0 0 0 0 0 0 0 
main.1.sm_70.ptx 334 : 49152 495936 0 0 0 0 0 0 0 
main.1.sm_70.ptx 333 : 49152 298848 0 0 0 0 0 0 0 
main.1.sm_70.ptx 332 : 49152 296736 0 0 0 0 0 0 0 
main.1.sm_70.ptx 331 : 49152 297504 0 0 0 0 0 0 0 
main.1.sm_70.ptx 330 : 49152 298080 0 0 0 0 0 0 0 
main.1.sm_70.ptx 329 : 49152 297888 0 0 0 0 0 0 0 
main.1.sm_70.ptx 328 : 49152 304224 0 0 0 0 0 0 0 
main.1.sm_70.ptx 327 : 49152 444384 0 0 0 0 0 0 0 
main.1.sm_70.ptx 326 : 49152 300000 0 0 0 0 0 0 0 
main.1.sm_70.ptx 325 : 49152 495648 0 0 0 0 0 0 0 
main.1.sm_70.ptx 324 : 49152 303264 0 0 0 0 0 0 0 
main.1.sm_70.ptx 323 : 49152 305856 0 0 0 0 0 0 0 
main.1.sm_70.ptx 322 : 49152 495744 0 0 0 0 0 0 0 
main.1.sm_70.ptx 321 : 49152 303360 0 0 0 0 0 0 0 
main.1.sm_70.ptx 320 : 49152 304608 0 0 0 0 0 0 0 
main.1.sm_70.ptx 319 : 49152 446592 0 0 0 0 0 0 0 
main.1.sm_70.ptx 318 : 49152 298176 0 0 0 0 0 0 0 
main.1.sm_70.ptx 317 : 49152 496320 0 0 0 0 0 0 0 
main.1.sm_70.ptx 316 : 49152 298176 0 0 0 0 0 0 0 
main.1.sm_70.ptx 315 : 49152 297600 0 0 0 0 0 0 0 
main.1.sm_70.ptx 314 : 49152 297504 0 0 0 0 0 0 0 
main.1.sm_70.ptx 313 : 49152 299040 0 0 0 0 0 0 0 
main.1.sm_70.ptx 312 : 49152 297792 0 0 0 0 0 0 0 
main.1.sm_70.ptx 311 : 49152 303936 0 0 0 0 0 0 0 
main.1.sm_70.ptx 310 : 49152 445824 0 0 0 0 0 0 0 
main.1.sm_70.ptx 309 : 49152 301728 0 0 0 0 0 0 0 
main.1.sm_70.ptx 308 : 49152 495744 0 0 0 0 0 0 0 
main.1.sm_70.ptx 307 : 49152 303840 0 0 0 0 0 0 0 
main.1.sm_70.ptx 306 : 49152 304704 0 0 0 0 0 0 0 
main.1.sm_70.ptx 305 : 49152 495072 0 0 0 0 0 0 0 
main.1.sm_70.ptx 304 : 49152 303264 0 0 0 0 0 0 0 
main.1.sm_70.ptx 303 : 49152 304320 0 0 0 0 0 0 0 
main.1.sm_70.ptx 302 : 49152 446880 0 0 0 0 0 0 0 
main.1.sm_70.ptx 301 : 49152 298464 0 0 0 0 0 0 0 
main.1.sm_70.ptx 300 : 49152 495360 0 0 0 0 0 0 0 
main.1.sm_70.ptx 299 : 49152 299040 0 0 0 0 0 0 0 
main.1.sm_70.ptx 298 : 49152 297504 0 0 0 0 0 0 0 
main.1.sm_70.ptx 297 : 49152 298368 0 0 0 0 0 0 0 
main.1.sm_70.ptx 296 : 49152 298752 0 0 0 0 0 0 0 
main.1.sm_70.ptx 295 : 49152 297696 0 0 0 0 0 0 0 
main.1.sm_70.ptx 294 : 49152 302400 0 0 0 0 0 0 0 
main.1.sm_70.ptx 293 : 49152 444288 0 0 0 0 0 0 0 
main.1.sm_70.ptx 292 : 49152 301152 0 0 0 0 0 0 0 
main.1.sm_70.ptx 291 : 49152 494880 0 0 0 0 0 0 0 
main.1.sm_70.ptx 290 : 49152 302880 0 0 0 0 0 0 0 
main.1.sm_70.ptx 289 : 49152 304896 0 0 0 0 0 0 0 
main.1.sm_70.ptx 288 : 49152 495264 0 0 0 0 0 0 0 
main.1.sm_70.ptx 287 : 49152 301632 0 0 0 0 0 0 0 
main.1.sm_70.ptx 286 : 49152 302784 0 0 0 0 0 0 0 
main.1.sm_70.ptx 285 : 49152 445344 0 0 0 0 0 0 0 
main.1.sm_70.ptx 284 : 49152 298272 0 0 0 0 0 0 0 
main.1.sm_70.ptx 283 : 49152 495264 0 0 0 0 0 0 0 
main.1.sm_70.ptx 282 : 49152 297312 0 0 0 0 0 0 0 
main.1.sm_70.ptx 281 : 49152 297312 0 0 0 0 0 0 0 
main.1.sm_70.ptx 280 : 49152 297984 0 0 0 0 0 0 0 
main.1.sm_70.ptx 279 : 49152 298848 0 0 0 0 0 0 0 
main.1.sm_70.ptx 278 : 49152 297696 0 0 0 0 0 0 0 
main.1.sm_70.ptx 277 : 49152 303456 0 0 0 0 0 0 0 
main.1.sm_70.ptx 276 : 49152 444672 0 0 0 0 0 0 0 
main.1.sm_70.ptx 275 : 49152 301344 0 0 0 0 0 0 0 
main.1.sm_70.ptx 274 : 49152 495840 0 0 0 0 0 0 0 
main.1.sm_70.ptx 273 : 49152 301440 0 0 0 0 0 0 0 
main.1.sm_70.ptx 272 : 49152 302880 0 0 0 0 0 0 0 
main.1.sm_70.ptx 271 : 49152 494976 0 0 0 0 0 0 0 
main.1.sm_70.ptx 270 : 49152 302400 0 0 0 0 0 0 0 
main.1.sm_70.ptx 269 : 49152 303072 0 0 0 0 0 0 0 
main.1.sm_70.ptx 268 : 49152 446304 0 0 0 0 0 0 0 
main.1.sm_70.ptx 267 : 49152 297984 0 0 0 0 0 0 0 
main.1.sm_70.ptx 266 : 49152 495648 0 0 0 0 0 0 0 
main.1.sm_70.ptx 265 : 49152 298560 0 0 0 0 0 0 0 
main.1.sm_70.ptx 264 : 49152 297792 0 0 0 0 0 0 0 
main.1.sm_70.ptx 263 : 49152 297024 0 0 0 0 0 0 0 
main.1.sm_70.ptx 262 : 49152 297984 0 0 0 0 0 0 0 
main.1.sm_70.ptx 261 : 49152 298272 0 0 0 0 0 0 0 
main.1.sm_70.ptx 260 : 49152 302400 0 0 0 0 0 0 0 
main.1.sm_70.ptx 259 : 49152 444864 0 0 0 0 0 0 0 
main.1.sm_70.ptx 258 : 49152 301440 0 0 0 0 0 0 0 
main.1.sm_70.ptx 257 : 49152 494496 0 0 0 0 0 0 0 
main.1.sm_70.ptx 256 : 49152 302112 0 0 0 0 0 0 0 
main.1.sm_70.ptx 255 : 49152 304800 0 0 0 0 0 0 0 
main.1.sm_70.ptx 254 : 49152 494112 0 0 0 0 0 0 0 
main.1.sm_70.ptx 253 : 49152 302976 0 0 0 0 0 0 0 
main.1.sm_70.ptx 252 : 49152 304416 0 0 0 0 0 0 0 
main.1.sm_70.ptx 251 : 49152 446592 0 0 0 0 0 0 0 
main.1.sm_70.ptx 250 : 49152 297984 0 0 0 0 0 0 0 
main.1.sm_70.ptx 249 : 49152 495648 0 0 0 0 0 0 0 
main.1.sm_70.ptx 248 : 49152 297312 0 0 0 0 0 0 0 
main.1.sm_70.ptx 247 : 49152 297024 0 0 0 0 0 0 0 
main.1.sm_70.ptx 246 : 49152 297984 0 0 0 0 0 0 0 
main.1.sm_70.ptx 245 : 49152 298368 0 0 0 0 0 0 0 
main.1.sm_70.ptx 244 : 49152 299424 0 0 0 0 0 0 0 
main.1.sm_70.ptx 140 : 49152 444480 0 0 0 0 0 0 0 
main.1.sm_70.ptx 130 : 49152 496032 0 0 0 0 0 0 0 
main.1.sm_70.ptx 129 : 49152 297792 0 0 0 0 0 0 0 
main.1.sm_70.ptx 128 : 49152 298368 0 0 0 0 0 0 0 
main.1.sm_70.ptx 951 : 3145728 16731936 0 0 0 0 0 0 0 
main.1.sm_70.ptx 127 : 49152 296544 0 0 0 0 0 0 0 
main.1.sm_70.ptx 950 : 3145728 56714496 0 0 0 0 0 0 0 
main.1.sm_70.ptx 126 : 49152 298368 0 0 0 0 0 0 0 
main.1.sm_70.ptx 949 : 3145728 19041792 0 0 0 0 0 0 0 
main.1.sm_70.ptx 125 : 49152 298080 0 0 0 0 0 0 0 
main.1.sm_70.ptx 124 : 49152 302208 0 0 0 0 0 0 0 
main.1.sm_70.ptx 123 : 49152 445056 0 0 0 0 0 0 0 
main.1.sm_70.ptx 122 : 49152 300864 0 0 0 0 0 0 0 
main.1.sm_70.ptx 945 : 3145728 28391520 0 0 0 0 0 0 0 
main.1.sm_70.ptx 121 : 49152 496128 0 0 0 0 0 0 0 
main.1.sm_70.ptx 944 : 3145728 18954720 0 0 0 0 0 0 0 
main.1.sm_70.ptx 120 : 49152 302784 0 0 0 0 0 0 0 
main.1.sm_70.ptx 943 : 3145728 26069280 0 0 0 0 0 0 0 
main.1.sm_70.ptx 119 : 49152 305664 0 0 0 0 0 0 0 
main.1.sm_70.ptx 942 : 3145728 18967200 0 0 0 0 0 0 0 
main.1.sm_70.ptx 118 : 49152 496032 0 0 0 0 0 0 0 
main.1.sm_70.ptx 941 : 3145728 18951456 0 0 0 0 0 0 0 
main.1.sm_70.ptx 117 : 49152 302400 0 0 0 0 0 0 0 
main.1.sm_70.ptx 116 : 49152 304896 0 0 0 0 0 0 0 
main.1.sm_70.ptx 115 : 49152 445824 0 0 0 0 0 0 0 
main.1.sm_70.ptx 114 : 49152 298752 0 0 0 0 0 0 0 
main.1.sm_70.ptx 113 : 49152 494976 0 0 0 0 0 0 0 
main.1.sm_70.ptx 936 : 3145728 16672128 0 0 0 0 0 0 0 
main.1.sm_70.ptx 112 : 49152 296832 0 0 0 0 0 0 0 
main.1.sm_70.ptx 935 : 3145728 18960768 0 0 0 0 0 0 0 
main.1.sm_70.ptx 111 : 49152 297984 0 0 0 0 0 0 0 
main.1.sm_70.ptx 934 : 3145728 18933024 0 0 0 0 0 0 0 
main.1.sm_70.ptx 110 : 49152 297984 0 0 0 0 0 0 0 
main.1.sm_70.ptx 109 : 49152 298656 0 0 0 0 0 0 0 
main.1.sm_70.ptx 108 : 49152 299328 0 0 0 0 0 0 0 
main.1.sm_70.ptx 107 : 49152 451872 0 0 0 0 0 0 0 
main.1.sm_70.ptx 930 : 3145728 28365696 0 0 0 0 0 0 0 
main.1.sm_70.ptx 106 : 49152 446400 0 0 0 0 0 0 0 
main.1.sm_70.ptx 929 : 3145728 18942912 0 0 0 0 0 0 0 
main.1.sm_70.ptx 105 : 49152 304224 0 0 0 0 0 0 0 
main.1.sm_70.ptx 928 : 3145728 26357088 0 0 0 0 0 0 0 
main.1.sm_70.ptx 104 : 49152 497184 0 0 0 0 0 0 0 
main.1.sm_70.ptx 927 : 3145728 19028256 0 0 0 0 0 0 0 
main.1.sm_70.ptx 103 : 49152 305376 0 0 0 0 0 0 0 
main.1.sm_70.ptx 926 : 3145728 18949152 0 0 0 0 0 0 0 
main.1.sm_70.ptx 102 : 49152 307584 0 0 0 0 0 0 0 
main.1.sm_70.ptx 101 : 49152 495936 0 0 0 0 0 0 0 
main.1.sm_70.ptx 100 : 49152 301824 0 0 0 0 0 0 0 
main.1.sm_70.ptx 99 : 49152 301440 0 0 0 0 0 0 0 
main.1.sm_70.ptx 98 : 49152 299616 0 0 0 0 0 0 0 
main.1.sm_70.ptx 921 : 3145728 17494944 0 0 0 0 0 0 0 
main.1.sm_70.ptx 97 : 49152 448128 0 0 0 0 0 0 0 
main.1.sm_70.ptx 920 : 3145728 56842080 0 0 0 0 0 0 0 
main.1.sm_70.ptx 96 : 49152 305568 0 0 0 0 0 0 0 
main.1.sm_70.ptx 919 : 3145728 31518528 0 0 0 0 0 0 0 
main.1.sm_70.ptx 95 : 49152 444288 0 0 0 0 0 0 0 
main.1.sm_70.ptx 918 : 3145728 56695968 0 0 0 0 0 0 0 
main.1.sm_70.ptx 94 : 49152 299808 0 0 0 0 0 0 0 
main.1.sm_70.ptx 917 : 3145728 18935232 0 0 0 0 0 0 0 
main.1.sm_70.ptx 93 : 49152 302208 0 0 0 0 0 0 0 
main.1.sm_70.ptx 92 : 49152 308928 0 0 0 0 0 0 0 
main.1.sm_70.ptx 56 : 12288 179840 0 1536 384 0 0 0 0 
main.1.sm_70.ptx 879 : 3145728 18911328 0 0 0 0 0 0 0 
main.1.sm_70.ptx 55 : 12288 142976 0 1536 384 0 0 0 0 
main.1.sm_70.ptx 878 : 3145728 25557888 0 0 0 0 0 0 0 
main.1.sm_70.ptx 54 : 12288 106112 0 1536 384 0 0 0 0 
main.1.sm_70.ptx 877 : 3145728 18902688 0 0 0 0 0 0 0 
main.1.sm_70.ptx 53 : 12288 110592 0 0 0 0 0 0 0 
main.1.sm_70.ptx 876 : 3145728 19040736 0 0 0 0 0 0 0 
main.1.sm_70.ptx 52 : 12288 61440 0 0 0 0 0 0 0 
main.1.sm_70.ptx 51 : 12288 73728 0 0 0 0 0 0 0 
main.1.sm_70.ptx 50 : 12288 5655552 16384 0 0 6144 384 0 0 
main.1.sm_70.ptx 49 : 12288 110592 0 0 0 0 0 0 0 
main.1.sm_70.ptx 48 : 12288 110592 0 0 0 0 0 0 0 
main.1.sm_70.ptx 871 : 3145728 31620000 0 0 0 0 0 0 0 
main.1.sm_70.ptx 47 : 12288 73728 0 0 0 0 0 0 0 
main.1.sm_70.ptx 870 : 3145728 80231136 0 228864 98304 0 0 0 0 
main.1.sm_70.ptx 57 : 12288 216704 0 1536 384 0 0 0 0 
main.1.sm_70.ptx 880 : 3145728 28336128 0 0 0 0 0 0 0 
main.1.sm_70.ptx 131 : 49152 298752 0 0 0 0 0 0 0 
main.1.sm_70.ptx 443 : 49152 301728 0 0 0 0 0 0 0 
main.1.sm_70.ptx 34 : 3072 19200 0 0 0 0 0 0 0 
main.1.sm_70.ptx 233 : 49152 298656 0 0 0 0 0 0 0 
main.1.sm_70.ptx 58 : 12288 110592 0 0 0 0 0 0 0 
main.1.sm_70.ptx 132 : 49152 445824 0 0 0 0 0 0 0 
main.1.sm_70.ptx 444 : 49152 493824 0 0 0 0 0 0 0 
main.1.sm_70.ptx 35 : 3072 26112 0 0 0 0 0 0 0 
main.1.sm_70.ptx 858 : 3145728 18921312 0 0 0 0 0 0 0 
main.1.sm_70.ptx 234 : 49152 447264 0 0 0 0 0 0 0 
main.1.sm_70.ptx 82 : 49152 268800 0 0 0 0 0 0 0 
main.1.sm_70.ptx 133 : 49152 304032 0 0 0 0 0 0 0 
main.1.sm_70.ptx 956 : 3145728 18966912 0 0 0 0 0 0 0 
main.1.sm_70.ptx 445 : 49152 300192 0 0 0 0 0 0 0 
main.1.sm_70.ptx 36 : 3072 18432 0 0 0 0 0 0 0 
main.1.sm_70.ptx 859 : 3145728 18913440 0 0 0 0 0 0 0 
main.1.sm_70.ptx 235 : 49152 304320 0 0 0 0 0 0 0 
main.1.sm_70.ptx 83 : 49152 265728 0 0 0 0 0 0 0 
main.1.sm_70.ptx 134 : 49152 302592 0 0 0 0 0 0 0 
main.1.sm_70.ptx 957 : 3145728 19087392 0 0 0 0 0 0 0 
main.1.sm_70.ptx 446 : 49152 445440 0 0 0 0 0 0 0 
main.1.sm_70.ptx 37 : 3072 15744 0 0 0 0 0 0 0 
main.1.sm_70.ptx 860 : 3145728 25642656 0 0 0 0 0 0 0 
main.1.sm_70.ptx 236 : 49152 304416 0 0 0 0 0 0 0 
main.1.sm_70.ptx 84 : 49152 1292256 0 0 0 0 0 0 0 
main.1.sm_70.ptx 135 : 49152 494304 0 0 0 0 0 0 0 
main.1.sm_70.ptx 958 : 3145728 26602848 0 0 0 0 0 0 0 
main.1.sm_70.ptx 447 : 49152 302112 0 0 0 0 0 0 0 
main.1.sm_70.ptx 38 : 3072 15360 0 0 0 0 0 0 0 
main.1.sm_70.ptx 861 : 3145728 18911424 0 0 0 0 0 0 0 
main.1.sm_70.ptx 237 : 49152 495456 0 0 0 0 0 0 0 
main.1.sm_70.ptx 85 : 49152 1303776 0 0 0 0 0 0 0 
main.1.sm_70.ptx 136 : 49152 304992 0 0 0 0 0 0 0 
main.1.sm_70.ptx 959 : 3145728 18950016 0 0 0 0 0 0 0 
main.1.sm_70.ptx 448 : 49152 298176 0 0 0 0 0 0 0 
main.1.sm_70.ptx 39 : 3072 18432 0 0 0 0 0 0 0 
main.1.sm_70.ptx 862 : 3145728 28342560 0 0 0 0 0 0 0 
main.1.sm_70.ptx 238 : 49152 307008 0 0 0 0 0 0 0 
main.1.sm_70.ptx 137 : 49152 301632 0 0 0 0 0 0 0 
main.1.sm_70.ptx 960 : 3145728 28368576 0 0 0 0 0 0 0 
main.1.sm_70.ptx 449 : 49152 297888 0 0 0 0 0 0 0 
main.1.sm_70.ptx 40 : 3072 18432 0 0 0 0 0 0 0 
main.1.sm_70.ptx 239 : 49152 302976 0 0 0 0 0 0 0 
main.1.sm_70.ptx 87 : 49152 300576 0 0 0 0 0 0 0 
main.1.sm_70.ptx 910 : 3145728 18935808 0 0 0 0 0 0 0 
main.1.sm_70.ptx 138 : 49152 495456 0 0 0 0 0 0 0 
main.1.sm_70.ptx 450 : 49152 296928 0 0 0 0 0 0 0 
main.1.sm_70.ptx 41 : 3072 18432 0 0 0 0 0 0 0 
main.1.sm_70.ptx 240 : 49152 495168 0 0 0 0 0 0 0 
main.1.sm_70.ptx 139 : 49152 300576 0 0 0 0 0 0 0 
main.1.sm_70.ptx 451 : 49152 296448 0 0 0 0 0 0 0 
main.1.sm_70.ptx 42 : 3072 0 0 0 0 0 0 0 0 
main.1.sm_70.ptx 241 : 49152 301824 0 0 0 0 0 0 0 
main.1.sm_70.ptx 89 : 49152 298944 0 0 0 0 0 0 0 
main.1.sm_70.ptx 912 : 3145728 18931776 0 0 0 0 0 0 0 
main.1.sm_70.ptx 141 : 49152 301920 0 0 0 0 0 0 0 
main.1.sm_70.ptx 964 : 3145728 18943584 0 0 0 0 0 0 0 
main.1.sm_70.ptx 453 : 49152 495840 0 0 0 0 0 0 0 
main.1.sm_70.ptx 44 : 3072 18432 0 0 0 0 0 0 0 
main.1.sm_70.ptx 867 : 3145728 18930816 0 0 0 0 0 0 0 
main.1.sm_70.ptx 243 : 49152 304320 0 0 0 0 0 0 0 
main.1.sm_70.ptx 91 : 49152 451776 0 0 0 0 0 0 0 
main.1.sm_70.ptx 59 : 12288 73728 0 0 0 0 0 0 0 
main.1.sm_70.ptx 60 : 12288 46080 0 0 0 0 0 0 0 
main.1.sm_70.ptx 63 : 3072 15360 0 0 0 0 0 0 0 
main.1.sm_70.ptx 886 : 3145728 18945408 0 0 0 0 0 0 0 
main.1.sm_70.ptx 64 : 3072 15936 0 0 0 0 0 0 0 
main.1.sm_70.ptx 887 : 3145728 18915456 0 0 0 0 0 0 0 
main.1.sm_70.ptx 65 : 3072 18432 0 0 0 0 0 0 0 
main.1.sm_70.ptx 888 : 3145728 28352736 0 0 0 0 0 0 0 
main.1.sm_70.ptx 66 : 3072 18432 0 0 0 0 0 0 0 
main.1.sm_70.ptx 889 : 3145728 80311776 0 228864 98304 0 0 0 0 
main.1.sm_70.ptx 67 : 3072 18432 0 0 0 0 0 0 0 
main.1.sm_70.ptx 890 : 3145728 18923904 0 0 0 0 0 0 0 
main.1.sm_70.ptx 68 : 3072 18432 0 0 0 0 0 0 0 
main.1.sm_70.ptx 891 : 3145728 28360512 0 0 0 0 0 0 0 
main.1.sm_70.ptx 69 : 3072 18432 0 0 0 0 0 0 0 
main.1.sm_70.ptx 70 : 3072 18432 0 0 0 0 0 0 0 
main.1.sm_70.ptx 71 : 3072 18432 0 0 0 0 0 0 0 
main.1.sm_70.ptx 72 : 3072 18432 0 0 0 0 0 0 0 
main.1.sm_70.ptx 73 : 3072 18432 0 0 0 0 0 0 0 
main.1.sm_70.ptx 896 : 3145728 19062432 0 0 0 0 0 0 0 
main.1.sm_70.ptx 74 : 3072 18432 0 0 0 0 0 0 0 
main.1.sm_70.ptx 897 : 3145728 18926688 0 0 0 0 0 0 0 
main.1.sm_70.ptx 78 : 49152 259680 0 0 0 0 0 0 0 
main.1.sm_70.ptx 80 : 49152 298368 0 0 0 0 0 0 0 
main.1.sm_70.ptx 90 : 49152 301728 0 0 0 0 0 0 0 
main.1.sm_70.ptx 913 : 3145728 28356192 0 0 0 0 0 0 0 
main.1.sm_70.ptx 142 : 49152 298560 0 0 0 0 0 0 0 
main.1.sm_70.ptx 143 : 49152 297216 0 0 0 0 0 0 0 
main.1.sm_70.ptx 144 : 49152 297504 0 0 0 0 0 0 0 
main.1.sm_70.ptx 145 : 49152 297504 0 0 0 0 0 0 0 
main.1.sm_70.ptx 146 : 49152 297696 0 0 0 0 0 0 0 
main.1.sm_70.ptx 969 : 3145728 18964608 0 0 0 0 0 0 0 
main.1.sm_70.ptx 147 : 49152 494592 0 0 0 0 0 0 0 
main.1.sm_70.ptx 970 : 3145728 18946944 0 0 0 0 0 0 0 
main.1.sm_70.ptx 148 : 49152 298560 0 0 0 0 0 0 0 
main.1.sm_70.ptx 971 : 3145728 26010048 0 0 0 0 0 0 0 
main.1.sm_70.ptx 149 : 49152 447744 0 0 0 0 0 0 0 
main.1.sm_70.ptx 972 : 3145728 18951168 0 0 0 0 0 0 0 
main.1.sm_70.ptx 150 : 49152 302208 0 0 0 0 0 0 0 
main.1.sm_70.ptx 973 : 3145728 28384704 0 0 0 0 0 0 0 
main.1.sm_70.ptx 151 : 49152 301920 0 0 0 0 0 0 0 
main.1.sm_70.ptx 152 : 49152 494976 0 0 0 0 0 0 0 
main.1.sm_70.ptx 153 : 49152 305184 0 0 0 0 0 0 0 
main.1.sm_70.ptx 154 : 49152 302784 0 0 0 0 0 0 0 
main.1.sm_70.ptx 155 : 49152 496224 0 0 0 0 0 0 0 
main.1.sm_70.ptx 156 : 49152 300960 0 0 0 0 0 0 0 
main.1.sm_70.ptx 157 : 49152 444288 0 0 0 0 0 0 0 
main.1.sm_70.ptx 158 : 49152 302688 0 0 0 0 0 0 0 
main.1.sm_70.ptx 981 : 3145728 19190496 0 0 0 0 0 0 0 
main.1.sm_70.ptx 159 : 49152 297984 0 0 0 0 0 0 0 
main.1.sm_70.ptx 982 : 3145728 18976128 0 0 0 0 0 0 0 
main.1.sm_70.ptx 160 : 49152 298176 0 0 0 0 0 0 0 
main.1.sm_70.ptx 983 : 3145728 26094048 0 0 0 0 0 0 0 
main.1.sm_70.ptx 161 : 49152 297984 0 0 0 0 0 0 0 
main.1.sm_70.ptx 984 : 3145728 18940224 0 0 0 0 0 0 0 
main.1.sm_70.ptx 162 : 49152 297024 0 0 0 0 0 0 0 
main.1.sm_70.ptx 985 : 3145728 28385088 0 0 0 0 0 0 0 
main.1.sm_70.ptx 163 : 49152 298656 0 0 0 0 0 0 0 
main.1.sm_70.ptx 164 : 49152 496032 0 0 0 0 0 0 0 
main.1.sm_70.ptx 165 : 49152 297792 0 0 0 0 0 0 0 
main.1.sm_70.ptx 166 : 49152 445920 0 0 0 0 0 0 0 
main.1.sm_70.ptx 989 : 3145728 18948576 0 0 0 0 0 0 0 
main.1.sm_70.ptx 167 : 49152 305568 0 0 0 0 0 0 0 
main.1.sm_70.ptx 168 : 49152 302976 0 0 0 0 0 0 0 
main.1.sm_70.ptx 169 : 49152 495168 0 0 0 0 0 0 0 
main.1.sm_70.ptx 170 : 49152 302592 0 0 0 0 0 0 0 
main.1.sm_70.ptx 171 : 49152 301248 0 0 0 0 0 0 0 
main.1.sm_70.ptx 994 : 3145728 18967200 0 0 0 0 0 0 0 
main.1.sm_70.ptx 172 : 49152 494496 0 0 0 0 0 0 0 
main.1.sm_70.ptx 995 : 3145728 18944832 0 0 0 0 0 0 0 
main.1.sm_70.ptx 173 : 49152 299904 0 0 0 0 0 0 0 
main.1.sm_70.ptx 996 : 3145728 25986816 0 0 0 0 0 0 0 
main.1.sm_70.ptx 174 : 49152 444480 0 0 0 0 0 0 0 
main.1.sm_70.ptx 997 : 3145728 18938880 0 0 0 0 0 0 0 
main.1.sm_70.ptx 175 : 49152 302976 0 0 0 0 0 0 0 
main.1.sm_70.ptx 998 : 3145728 28375488 0 0 0 0 0 0 0 
main.1.sm_70.ptx 176 : 49152 297888 0 0 0 0 0 0 0 
main.1.sm_70.ptx 177 : 49152 297216 0 0 0 0 0 0 0 
main.1.sm_70.ptx 178 : 49152 297216 0 0 0 0 0 0 0 
main.1.sm_70.ptx 179 : 49152 297120 0 0 0 0 0 0 0 
main.1.sm_70.ptx 1002 : 3145728 31512768 0 0 0 0 0 0 0 
main.1.sm_70.ptx 180 : 49152 298752 0 0 0 0 0 0 0 
main.1.sm_70.ptx 181 : 49152 495456 0 0 0 0 0 0 0 
main.1.sm_70.ptx 182 : 49152 298080 0 0 0 0 0 0 0 
main.1.sm_70.ptx 183 : 49152 445632 0 0 0 0 0 0 0 
main.1.sm_70.ptx 184 : 49152 303264 0 0 0 0 0 0 0 
main.1.sm_70.ptx 1007 : 3145728 19155360 0 0 0 0 0 0 0 
main.1.sm_70.ptx 185 : 49152 302400 0 0 0 0 0 0 0 
main.1.sm_70.ptx 1008 : 3145728 18948096 0 0 0 0 0 0 0 
main.1.sm_70.ptx 186 : 49152 494592 0 0 0 0 0 0 0 
main.1.sm_70.ptx 187 : 49152 302784 0 0 0 0 0 0 0 
main.1.sm_70.ptx 188 : 49152 302208 0 0 0 0 0 0 0 
main.1.sm_70.ptx 189 : 49152 495744 0 0 0 0 0 0 0 
main.1.sm_70.ptx 190 : 49152 301248 0 0 0 0 0 0 0 
main.1.sm_70.ptx 191 : 49152 444384 0 0 0 0 0 0 0 
main.1.sm_70.ptx 192 : 49152 302688 0 0 0 0 0 0 0 
main.1.sm_70.ptx 193 : 49152 297408 0 0 0 0 0 0 0 
main.1.sm_70.ptx 194 : 49152 298176 0 0 0 0 0 0 0 
main.1.sm_70.ptx 195 : 49152 297888 0 0 0 0 0 0 0 
main.1.sm_70.ptx 196 : 49152 297600 0 0 0 0 0 0 0 
main.1.sm_70.ptx 197 : 49152 298464 0 0 0 0 0 0 0 
main.1.sm_70.ptx 198 : 49152 494976 0 0 0 0 0 0 0 
main.1.sm_70.ptx 199 : 49152 299616 0 0 0 0 0 0 0 
main.1.sm_70.ptx 200 : 49152 446784 0 0 0 0 0 0 0 
main.1.sm_70.ptx 201 : 49152 304416 0 0 0 0 0 0 0 
main.1.sm_70.ptx 202 : 49152 302496 0 0 0 0 0 0 0 
main.1.sm_70.ptx 203 : 49152 494880 0 0 0 0 0 0 0 
main.1.sm_70.ptx 204 : 49152 303360 0 0 0 0 0 0 0 
main.1.sm_70.ptx 205 : 49152 301248 0 0 0 0 0 0 0 
main.1.sm_70.ptx 206 : 49152 494880 0 0 0 0 0 0 0 
main.1.sm_70.ptx 207 : 49152 300384 0 0 0 0 0 0 0 
main.1.sm_70.ptx 208 : 49152 443712 0 0 0 0 0 0 0 
main.1.sm_70.ptx 209 : 49152 302016 0 0 0 0 0 0 0 
main.1.sm_70.ptx 210 : 49152 298560 0 0 0 0 0 0 0 
main.1.sm_70.ptx 211 : 49152 297600 0 0 0 0 0 0 0 
main.1.sm_70.ptx 212 : 49152 297792 0 0 0 0 0 0 0 
main.1.sm_70.ptx 213 : 49152 297792 0 0 0 0 0 0 0 
main.1.sm_70.ptx 214 : 49152 298560 0 0 0 0 0 0 0 
main.1.sm_70.ptx 215 : 49152 495648 0 0 0 0 0 0 0 
main.1.sm_70.ptx 216 : 49152 298848 0 0 0 0 0 0 0 
main.1.sm_70.ptx 217 : 49152 446016 0 0 0 0 0 0 0 
main.1.sm_70.ptx 218 : 49152 304704 0 0 0 0 0 0 0 
main.1.sm_70.ptx 219 : 49152 302400 0 0 0 0 0 0 0 
main.1.sm_70.ptx 220 : 49152 494880 0 0 0 0 0 0 0 
main.1.sm_70.ptx 221 : 49152 304320 0 0 0 0 0 0 0 
main.1.sm_70.ptx 222 : 49152 301440 0 0 0 0 0 0 0 
main.1.sm_70.ptx 223 : 49152 495936 0 0 0 0 0 0 0 
main.1.sm_70.ptx 224 : 49152 299328 0 0 0 0 0 0 0 
main.1.sm_70.ptx 225 : 49152 444384 0 0 0 0 0 0 0 
main.1.sm_70.ptx 226 : 49152 302784 0 0 0 0 0 0 0 
main.1.sm_70.ptx 227 : 49152 297792 0 0 0 0 0 0 0 
main.1.sm_70.ptx 228 : 49152 299040 0 0 0 0 0 0 0 
main.1.sm_70.ptx 229 : 49152 297408 0 0 0 0 0 0 0 
main.1.sm_70.ptx 230 : 49152 296736 0 0 0 0 0 0 0 
main.1.sm_70.ptx 231 : 49152 298080 0 0 0 0 0 0 0 
main.1.sm_70.ptx 232 : 49152 494688 0 0 0 0 0 0 0 
main.1.sm_70.ptx 242 : 49152 445440 0 0 0 0 0 0 0 
main.1.sm_70.ptx 454 : 49152 297600 0 0 0 0 0 0 0 
main.1.sm_70.ptx 455 : 49152 446496 0 0 0 0 0 0 0 
main.1.sm_70.ptx 456 : 49152 305088 0 0 0 0 0 0 0 
main.1.sm_70.ptx 457 : 49152 303936 0 0 0 0 0 0 0 
main.1.sm_70.ptx 458 : 49152 495552 0 0 0 0 0 0 0 
main.1.sm_70.ptx 459 : 49152 304896 0 0 0 0 0 0 0 
main.1.sm_70.ptx 460 : 49152 301824 0 0 0 0 0 0 0 
main.1.sm_70.ptx 461 : 49152 494112 0 0 0 0 0 0 0 
main.1.sm_70.ptx 462 : 49152 299808 0 0 0 0 0 0 0 
main.1.sm_70.ptx 463 : 49152 444768 0 0 0 0 0 0 0 
main.1.sm_70.ptx 464 : 49152 303648 0 0 0 0 0 0 0 
main.1.sm_70.ptx 465 : 49152 297600 0 0 0 0 0 0 0 
main.1.sm_70.ptx 466 : 49152 298944 0 0 0 0 0 0 0 
main.1.sm_70.ptx 467 : 49152 297504 0 0 0 0 0 0 0 
main.1.sm_70.ptx 468 : 49152 296928 0 0 0 0 0 0 0 
main.1.sm_70.ptx 469 : 49152 299136 0 0 0 0 0 0 0 
main.1.sm_70.ptx 470 : 49152 496224 0 0 0 0 0 0 0 
main.1.sm_70.ptx 471 : 49152 297504 0 0 0 0 0 0 0 
main.1.sm_70.ptx 472 : 49152 446592 0 0 0 0 0 0 0 
main.1.sm_70.ptx 473 : 49152 304224 0 0 0 0 0 0 0 
main.1.sm_70.ptx 474 : 49152 302208 0 0 0 0 0 0 0 
main.1.sm_70.ptx 475 : 49152 495264 0 0 0 0 0 0 0 
main.1.sm_70.ptx 476 : 49152 303552 0 0 0 0 0 0 0 
main.1.sm_70.ptx 477 : 49152 302112 0 0 0 0 0 0 0 
main.1.sm_70.ptx 478 : 49152 494784 0 0 0 0 0 0 0 
main.1.sm_70.ptx 479 : 49152 300288 0 0 0 0 0 0 0 
main.1.sm_70.ptx 480 : 49152 445440 0 0 0 0 0 0 0 
main.1.sm_70.ptx 481 : 49152 303552 0 0 0 0 0 0 0 
main.1.sm_70.ptx 482 : 49152 298176 0 0 0 0 0 0 0 
main.1.sm_70.ptx 483 : 49152 298080 0 0 0 0 0 0 0 
main.1.sm_70.ptx 484 : 49152 297024 0 0 0 0 0 0 0 
main.1.sm_70.ptx 485 : 49152 296640 0 0 0 0 0 0 0 
main.1.sm_70.ptx 486 : 49152 298752 0 0 0 0 0 0 0 
main.1.sm_70.ptx 487 : 49152 494880 0 0 0 0 0 0 0 
main.1.sm_70.ptx 488 : 49152 297984 0 0 0 0 0 0 0 
main.1.sm_70.ptx 489 : 49152 447264 0 0 0 0 0 0 0 
main.1.sm_70.ptx 490 : 49152 303456 0 0 0 0 0 0 0 
main.1.sm_70.ptx 491 : 49152 303456 0 0 0 0 0 0 0 
main.1.sm_70.ptx 492 : 49152 494880 0 0 0 0 0 0 0 
main.1.sm_70.ptx 493 : 49152 303840 0 0 0 0 0 0 0 
main.1.sm_70.ptx 494 : 49152 302016 0 0 0 0 0 0 0 
main.1.sm_70.ptx 495 : 49152 495456 0 0 0 0 0 0 0 
main.1.sm_70.ptx 496 : 49152 301152 0 0 0 0 0 0 0 
main.1.sm_70.ptx 497 : 49152 444960 0 0 0 0 0 0 0 
main.1.sm_70.ptx 498 : 49152 302496 0 0 0 0 0 0 0 
main.1.sm_70.ptx 499 : 49152 298464 0 0 0 0 0 0 0 
main.1.sm_70.ptx 500 : 49152 298848 0 0 0 0 0 0 0 
main.1.sm_70.ptx 501 : 49152 298176 0 0 0 0 0 0 0 
main.1.sm_70.ptx 502 : 49152 296256 0 0 0 0 0 0 0 
main.1.sm_70.ptx 503 : 49152 300000 0 0 0 0 0 0 0 
main.1.sm_70.ptx 504 : 49152 496128 0 0 0 0 0 0 0 
main.1.sm_70.ptx 505 : 49152 297408 0 0 0 0 0 0 0 
main.1.sm_70.ptx 506 : 49152 445728 0 0 0 0 0 0 0 
main.1.sm_70.ptx 507 : 49152 303264 0 0 0 0 0 0 0 
main.1.sm_70.ptx 508 : 49152 301920 0 0 0 0 0 0 0 
main.1.sm_70.ptx 509 : 49152 496128 0 0 0 0 0 0 0 
main.1.sm_70.ptx 510 : 49152 303648 0 0 0 0 0 0 0 
main.1.sm_70.ptx 511 : 49152 302976 0 0 0 0 0 0 0 
main.1.sm_70.ptx 512 : 49152 494208 0 0 0 0 0 0 0 
main.1.sm_70.ptx 513 : 49152 300384 0 0 0 0 0 0 0 
main.1.sm_70.ptx 514 : 49152 444960 0 0 0 0 0 0 0 
main.1.sm_70.ptx 515 : 49152 303840 0 0 0 0 0 0 0 
main.1.sm_70.ptx 516 : 49152 297984 0 0 0 0 0 0 0 
main.1.sm_70.ptx 517 : 49152 297888 0 0 0 0 0 0 0 
main.1.sm_70.ptx 518 : 49152 296736 0 0 0 0 0 0 0 
main.1.sm_70.ptx 519 : 49152 297024 0 0 0 0 0 0 0 
main.1.sm_70.ptx 520 : 49152 297216 0 0 0 0 0 0 0 
main.1.sm_70.ptx 521 : 49152 494208 0 0 0 0 0 0 0 
main.1.sm_70.ptx 522 : 49152 299424 0 0 0 0 0 0 0 
main.1.sm_70.ptx 523 : 49152 445824 0 0 0 0 0 0 0 
main.1.sm_70.ptx 524 : 49152 303744 0 0 0 0 0 0 0 
main.1.sm_70.ptx 525 : 49152 300768 0 0 0 0 0 0 0 
main.1.sm_70.ptx 526 : 49152 496704 0 0 0 0 0 0 0 
main.1.sm_70.ptx 527 : 49152 305280 0 0 0 0 0 0 0 
main.1.sm_70.ptx 528 : 49152 302976 0 0 0 0 0 0 0 
main.1.sm_70.ptx 529 : 49152 494592 0 0 0 0 0 0 0 
main.1.sm_70.ptx 530 : 49152 299232 0 0 0 0 0 0 0 
main.1.sm_70.ptx 531 : 49152 445152 0 0 0 0 0 0 0 
main.1.sm_70.ptx 532 : 49152 303072 0 0 0 0 0 0 0 
main.1.sm_70.ptx 533 : 49152 297888 0 0 0 0 0 0 0 
main.1.sm_70.ptx 534 : 49152 298080 0 0 0 0 0 0 0 
main.1.sm_70.ptx 535 : 49152 297024 0 0 0 0 0 0 0 
main.1.sm_70.ptx 536 : 49152 297408 0 0 0 0 0 0 0 
main.1.sm_70.ptx 537 : 49152 298464 0 0 0 0 0 0 0 
main.1.sm_70.ptx 538 : 49152 494976 0 0 0 0 0 0 0 
main.1.sm_70.ptx 539 : 49152 298368 0 0 0 0 0 0 0 
main.1.sm_70.ptx 540 : 49152 445248 0 0 0 0 0 0 0 
main.1.sm_70.ptx 541 : 49152 302496 0 0 0 0 0 0 0 
main.1.sm_70.ptx 542 : 49152 301632 0 0 0 0 0 0 0 
main.1.sm_70.ptx 543 : 49152 496512 0 0 0 0 0 0 0 
main.1.sm_70.ptx 544 : 49152 304032 0 0 0 0 0 0 0 
main.1.sm_70.ptx 545 : 49152 303840 0 0 0 0 0 0 0 
main.1.sm_70.ptx 546 : 49152 495456 0 0 0 0 0 0 0 
main.1.sm_70.ptx 547 : 49152 300096 0 0 0 0 0 0 0 
main.1.sm_70.ptx 548 : 49152 445152 0 0 0 0 0 0 0 
main.1.sm_70.ptx 549 : 49152 303744 0 0 0 0 0 0 0 
main.1.sm_70.ptx 550 : 49152 298944 0 0 0 0 0 0 0 
main.1.sm_70.ptx 551 : 49152 298944 0 0 0 0 0 0 0 
main.1.sm_70.ptx 552 : 49152 297408 0 0 0 0 0 0 0 
main.1.sm_70.ptx 553 : 49152 297024 0 0 0 0 0 0 0 
main.1.sm_70.ptx 554 : 49152 298176 0 0 0 0 0 0 0 
main.1.sm_70.ptx 555 : 49152 494880 0 0 0 0 0 0 0 
main.1.sm_70.ptx 556 : 49152 298464 0 0 0 0 0 0 0 
main.1.sm_70.ptx 557 : 49152 446304 0 0 0 0 0 0 0 
main.1.sm_70.ptx 558 : 49152 303840 0 0 0 0 0 0 0 
main.1.sm_70.ptx 559 : 49152 303840 0 0 0 0 0 0 0 
main.1.sm_70.ptx 560 : 49152 495168 0 0 0 0 0 0 0 
main.1.sm_70.ptx 561 : 49152 302304 0 0 0 0 0 0 0 
main.1.sm_70.ptx 562 : 49152 301536 0 0 0 0 0 0 0 
main.1.sm_70.ptx 563 : 49152 495264 0 0 0 0 0 0 0 
main.1.sm_70.ptx 564 : 49152 301152 0 0 0 0 0 0 0 
main.1.sm_70.ptx 565 : 49152 444672 0 0 0 0 0 0 0 
main.1.sm_70.ptx 566 : 49152 303840 0 0 0 0 0 0 0 
main.1.sm_70.ptx 567 : 49152 297600 0 0 0 0 0 0 0 
main.1.sm_70.ptx 568 : 49152 298080 0 0 0 0 0 0 0 
main.1.sm_70.ptx 569 : 49152 297312 0 0 0 0 0 0 0 
main.1.sm_70.ptx 570 : 49152 297024 0 0 0 0 0 0 0 
main.1.sm_70.ptx 571 : 49152 298656 0 0 0 0 0 0 0 
main.1.sm_70.ptx 572 : 49152 495264 0 0 0 0 0 0 0 
main.1.sm_70.ptx 573 : 49152 298560 0 0 0 0 0 0 0 
main.1.sm_70.ptx 574 : 49152 446208 0 0 0 0 0 0 0 
main.1.sm_70.ptx 575 : 49152 304224 0 0 0 0 0 0 0 
main.1.sm_70.ptx 576 : 49152 303744 0 0 0 0 0 0 0 
main.1.sm_70.ptx 577 : 49152 494976 0 0 0 0 0 0 0 
main.1.sm_70.ptx 578 : 49152 303744 0 0 0 0 0 0 0 
main.1.sm_70.ptx 579 : 49152 301824 0 0 0 0 0 0 0 
main.1.sm_70.ptx 580 : 49152 496320 0 0 0 0 0 0 0 
main.1.sm_70.ptx 581 : 49152 300096 0 0 0 0 0 0 0 
main.1.sm_70.ptx 582 : 49152 444576 0 0 0 0 0 0 0 
main.1.sm_70.ptx 583 : 49152 301920 0 0 0 0 0 0 0 
main.1.sm_70.ptx 584 : 49152 297216 0 0 0 0 0 0 0 
main.1.sm_70.ptx 585 : 49152 298176 0 0 0 0 0 0 0 
main.1.sm_70.ptx 586 : 49152 297504 0 0 0 0 0 0 0 
main.1.sm_70.ptx 587 : 49152 297600 0 0 0 0 0 0 0 
main.1.sm_70.ptx 588 : 49152 298656 0 0 0 0 0 0 0 
main.1.sm_70.ptx 589 : 49152 495456 0 0 0 0 0 0 0 
main.1.sm_70.ptx 590 : 49152 297504 0 0 0 0 0 0 0 
main.1.sm_70.ptx 591 : 49152 446688 0 0 0 0 0 0 0 
main.1.sm_70.ptx 592 : 49152 303360 0 0 0 0 0 0 0 
main.1.sm_70.ptx 593 : 49152 302016 0 0 0 0 0 0 0 
main.1.sm_70.ptx 594 : 49152 494592 0 0 0 0 0 0 0 
main.1.sm_70.ptx 595 : 49152 304416 0 0 0 0 0 0 0 
main.1.sm_70.ptx 596 : 49152 300480 0 0 0 0 0 0 0 
main.1.sm_70.ptx 597 : 49152 495456 0 0 0 0 0 0 0 
main.1.sm_70.ptx 598 : 49152 300864 0 0 0 0 0 0 0 
main.1.sm_70.ptx 599 : 49152 443904 0 0 0 0 0 0 0 
main.1.sm_70.ptx 600 : 49152 302880 0 0 0 0 0 0 0 
main.1.sm_70.ptx 601 : 49152 298272 0 0 0 0 0 0 0 
main.1.sm_70.ptx 602 : 49152 297888 0 0 0 0 0 0 0 
main.1.sm_70.ptx 603 : 49152 297504 0 0 0 0 0 0 0 
main.1.sm_70.ptx 604 : 49152 297792 0 0 0 0 0 0 0 
main.1.sm_70.ptx 605 : 49152 297312 0 0 0 0 0 0 0 
main.1.sm_70.ptx 606 : 49152 495360 0 0 0 0 0 0 0 
main.1.sm_70.ptx 607 : 49152 297408 0 0 0 0 0 0 0 
main.1.sm_70.ptx 608 : 49152 445728 0 0 0 0 0 0 0 
main.1.sm_70.ptx 609 : 49152 302880 0 0 0 0 0 0 0 
main.1.sm_70.ptx 610 : 49152 303072 0 0 0 0 0 0 0 
main.1.sm_70.ptx 611 : 49152 495072 0 0 0 0 0 0 0 
main.1.sm_70.ptx 612 : 49152 304416 0 0 0 0 0 0 0 
main.1.sm_70.ptx 613 : 49152 301344 0 0 0 0 0 0 0 
main.1.sm_70.ptx 614 : 49152 494208 0 0 0 0 0 0 0 
main.1.sm_70.ptx 615 : 49152 299904 0 0 0 0 0 0 0 
main.1.sm_70.ptx 616 : 49152 444288 0 0 0 0 0 0 0 
main.1.sm_70.ptx 617 : 49152 302016 0 0 0 0 0 0 0 
main.1.sm_70.ptx 618 : 49152 298176 0 0 0 0 0 0 0 
main.1.sm_70.ptx 619 : 49152 298176 0 0 0 0 0 0 0 
main.1.sm_70.ptx 620 : 49152 298176 0 0 0 0 0 0 0 
main.1.sm_70.ptx 621 : 49152 297312 0 0 0 0 0 0 0 
main.1.sm_70.ptx 622 : 49152 297984 0 0 0 0 0 0 0 
main.1.sm_70.ptx 623 : 49152 494208 0 0 0 0 0 0 0 
main.1.sm_70.ptx 624 : 49152 297024 0 0 0 0 0 0 0 
main.1.sm_70.ptx 625 : 49152 444960 0 0 0 0 0 0 0 
main.1.sm_70.ptx 626 : 49152 302592 0 0 0 0 0 0 0 
main.1.sm_70.ptx 627 : 49152 300864 0 0 0 0 0 0 0 
main.1.sm_70.ptx 628 : 49152 305856 0 0 0 0 0 0 0 
main.1.sm_70.ptx 629 : 49152 493344 0 0 0 0 0 0 0 
main.1.sm_70.ptx 630 : 49152 499296 0 0 0 0 0 0 0 
main.1.sm_70.ptx 631 : 49152 297696 0 0 0 0 0 0 0 
main.1.sm_70.ptx 632 : 49152 444672 0 0 0 0 0 0 0 
main.1.sm_70.ptx 633 : 49152 302784 0 0 0 0 0 0 0 
main.1.sm_70.ptx 634 : 49152 297216 0 0 0 0 0 0 0 
main.1.sm_70.ptx 635 : 49152 296736 0 0 0 0 0 0 0 
main.1.sm_70.ptx 636 : 49152 296352 0 0 0 0 0 0 0 
main.1.sm_70.ptx 637 : 49152 295776 0 0 0 0 0 0 0 
main.1.sm_70.ptx 638 : 49152 296928 0 0 0 0 0 0 0 
main.1.sm_70.ptx 639 : 49152 493920 0 0 0 0 0 0 0 
main.1.sm_70.ptx 640 : 49152 296064 0 0 0 0 0 0 0 
main.1.sm_70.ptx 641 : 49152 444480 0 0 0 0 0 0 0 
main.1.sm_70.ptx 642 : 49152 300192 0 0 0 0 0 0 0 
main.1.sm_70.ptx 643 : 49152 299232 0 0 0 0 0 0 0 
main.1.sm_70.ptx 644 : 49152 301536 0 0 0 0 0 0 0 
main.1.sm_70.ptx 645 : 49152 256800 0 0 0 0 0 0 0 
main.1.sm_70.ptx 650 : 3145728 16094688 0 0 0 0 0 0 0 
main.1.sm_70.ptx 651 : 3145728 16042752 0 0 0 0 0 0 0 
main.1.sm_70.ptx 652 : 3145728 18927168 0 0 0 0 0 0 0 
main.1.sm_70.ptx 653 : 3145728 16509888 0 0 0 0 0 0 0 
main.1.sm_70.ptx 654 : 3145728 82165920 0 0 0 0 0 0 0 
main.1.sm_70.ptx 655 : 3145728 28343616 0 0 0 0 0 0 0 
main.1.sm_70.ptx 656 : 3145728 18921600 0 0 0 0 0 0 0 
main.1.sm_70.ptx 657 : 3145728 18922464 0 0 0 0 0 0 0 
main.1.sm_70.ptx 658 : 3145728 28355040 0 0 0 0 0 0 0 
main.1.sm_70.ptx 659 : 3145728 28340544 0 0 0 0 0 0 0 
main.1.sm_70.ptx 660 : 3145728 18912384 0 0 0 0 0 0 0 
main.1.sm_70.ptx 661 : 3145728 16416192 0 0 0 0 0 0 0 
main.1.sm_70.ptx 662 : 3145728 19174368 0 0 0 0 0 0 0 
main.1.sm_70.ptx 663 : 3145728 18917568 0 0 0 0 0 0 0 
main.1.sm_70.ptx 664 : 3145728 28360704 0 0 0 0 0 0 0 
main.1.sm_70.ptx 665 : 3145728 28337472 0 0 0 0 0 0 0 
main.1.sm_70.ptx 666 : 3145728 28471296 0 0 0 0 0 0 0 
main.1.sm_70.ptx 667 : 3145728 389908608 0 0 0 786432 98304 0 0 
main.1.sm_70.ptx 668 : 3145728 15900096 0 0 0 0 0 0 0 
main.1.sm_70.ptx 669 : 3145728 18912864 0 0 0 0 0 0 0 
main.1.sm_70.ptx 670 : 3145728 18908064 0 0 0 0 0 0 0 
main.1.sm_70.ptx 671 : 3145728 16389024 0 0 0 0 0 0 0 
main.1.sm_70.ptx 672 : 3145728 28350144 0 0 0 0 0 0 0 
main.1.sm_70.ptx 673 : 3145728 83817504 0 233472 98304 0 0 0 0 
main.1.sm_70.ptx 674 : 3145728 15883392 0 0 0 0 0 0 0 
main.1.sm_70.ptx 679 : 3145728 18915072 0 0 0 0 0 0 0 
main.1.sm_70.ptx 680 : 3145728 18920544 0 0 0 0 0 0 0 
main.1.sm_70.ptx 681 : 3145728 25869024 0 0 0 0 0 0 0 
main.1.sm_70.ptx 682 : 3145728 18909024 0 0 0 0 0 0 0 
main.1.sm_70.ptx 683 : 3145728 28344480 0 0 0 0 0 0 0 
main.1.sm_70.ptx 687 : 3145728 18989280 0 0 0 0 0 0 0 
main.1.sm_70.ptx 692 : 3145728 18913440 0 0 0 0 0 0 0 
main.1.sm_70.ptx 693 : 3145728 18911616 0 0 0 0 0 0 0 
main.1.sm_70.ptx 694 : 3145728 25761504 0 0 0 0 0 0 0 
main.1.sm_70.ptx 695 : 3145728 18907392 0 0 0 0 0 0 0 
main.1.sm_70.ptx 696 : 3145728 28339968 0 0 0 0 0 0 0 
main.1.sm_70.ptx 700 : 3145728 19051296 0 0 0 0 0 0 0 
main.1.sm_70.ptx 701 : 3145728 18906432 0 0 0 0 0 0 0 
main.1.sm_70.ptx 702 : 3145728 18902976 0 0 0 0 0 0 0 
main.1.sm_70.ptx 703 : 3145728 18902304 0 0 0 0 0 0 0 
main.1.sm_70.ptx 704 : 3145728 28341408 0 0 0 0 0 0 0 
main.1.sm_70.ptx 705 : 3145728 82206240 0 227328 98304 0 0 0 0 
main.1.sm_70.ptx 710 : 3145728 18903456 0 0 0 0 0 0 0 
main.1.sm_70.ptx 711 : 3145728 18904128 0 0 0 0 0 0 0 
main.1.sm_70.ptx 712 : 3145728 25687872 0 0 0 0 0 0 0 
main.1.sm_70.ptx 713 : 3145728 18900768 0 0 0 0 0 0 0 
main.1.sm_70.ptx 714 : 3145728 28343904 0 0 0 0 0 0 0 
main.1.sm_70.ptx 718 : 3145728 18907872 0 0 0 0 0 0 0 
main.1.sm_70.ptx 719 : 3145728 18917472 0 0 0 0 0 0 0 
main.1.sm_70.ptx 720 : 3145728 31482144 0 0 0 0 0 0 0 
main.1.sm_70.ptx 721 : 3145728 19037376 0 0 0 0 0 0 0 
main.1.sm_70.ptx 722 : 3145728 18909120 0 0 0 0 0 0 0 
main.1.sm_70.ptx 723 : 3145728 28345632 0 0 0 0 0 0 0 
main.1.sm_70.ptx 724 : 3145728 81790272 0 248832 98304 0 0 0 0 
main.1.sm_70.ptx 725 : 3145728 18924576 0 0 0 0 0 0 0 
main.1.sm_70.ptx 726 : 3145728 28348512 0 0 0 0 0 0 0 
main.1.sm_70.ptx 731 : 3145728 19044768 0 0 0 0 0 0 0 
main.1.sm_70.ptx 732 : 3145728 18910848 0 0 0 0 0 0 0 
main.1.sm_70.ptx 733 : 3145728 25720896 0 0 0 0 0 0 0 
main.1.sm_70.ptx 734 : 3145728 18907968 0 0 0 0 0 0 0 
main.1.sm_70.ptx 735 : 3145728 28350720 0 0 0 0 0 0 0 
main.1.sm_70.ptx 739 : 3145728 16301088 0 0 0 0 0 0 0 
main.1.sm_70.ptx 744 : 3145728 18924480 0 0 0 0 0 0 0 
main.1.sm_70.ptx 745 : 3145728 18918624 0 0 0 0 0 0 0 
main.1.sm_70.ptx 746 : 3145728 25785984 0 0 0 0 0 0 0 
main.1.sm_70.ptx 747 : 3145728 18914976 0 0 0 0 0 0 0 
main.1.sm_70.ptx 748 : 3145728 28351776 0 0 0 0 0 0 0 
main.1.sm_70.ptx 752 : 3145728 18920640 0 0 0 0 0 0 0 
main.1.sm_70.ptx 753 : 3145728 18927840 0 0 0 0 0 0 0 
main.1.sm_70.ptx 754 : 3145728 18911904 0 0 0 0 0 0 0 
main.1.sm_70.ptx 755 : 3145728 28347168 0 0 0 0 0 0 0 
main.1.sm_70.ptx 756 : 3145728 81303360 0 239616 98304 0 0 0 0 
main.1.sm_70.ptx 757 : 3145728 15918912 0 0 0 0 0 0 0 
main.1.sm_70.ptx 762 : 3145728 18923616 0 0 0 0 0 0 0 
main.1.sm_70.ptx 763 : 3145728 18922560 0 0 0 0 0 0 0 
main.1.sm_70.ptx 764 : 3145728 25820256 0 0 0 0 0 0 0 
main.1.sm_70.ptx 765 : 3145728 18915360 0 0 0 0 0 0 0 
main.1.sm_70.ptx 766 : 3145728 28342176 0 0 0 0 0 0 0 
main.1.sm_70.ptx 770 : 3145728 18976800 0 0 0 0 0 0 0 
main.1.sm_70.ptx 771 : 3145728 28429920 0 0 0 0 0 0 0 
main.1.sm_70.ptx 772 : 3145728 18984192 0 0 0 0 0 0 0 
main.1.sm_70.ptx 773 : 3145728 28352064 0 0 0 0 0 0 0 
main.1.sm_70.ptx 774 : 3145728 19072320 0 0 0 0 0 0 0 
main.1.sm_70.ptx 775 : 3145728 18926208 0 0 0 0 0 0 0 
main.1.sm_70.ptx 776 : 3145728 28354560 0 0 0 0 0 0 0 
main.1.sm_70.ptx 777 : 3145728 81504384 0 239616 98304 0 0 0 0 
main.1.sm_70.ptx 782 : 3145728 18914976 0 0 0 0 0 0 0 
main.1.sm_70.ptx 783 : 3145728 18909312 0 0 0 0 0 0 0 
main.1.sm_70.ptx 784 : 3145728 25758528 0 0 0 0 0 0 0 
main.1.sm_70.ptx 785 : 3145728 18910368 0 0 0 0 0 0 0 
main.1.sm_70.ptx 786 : 3145728 28344096 0 0 0 0 0 0 0 
main.1.sm_70.ptx 790 : 3145728 18918624 0 0 0 0 0 0 0 
main.1.sm_70.ptx 791 : 3145728 18939840 0 0 0 0 0 0 0 
main.1.sm_70.ptx 792 : 3145728 18946656 0 0 0 0 0 0 0 
main.1.sm_70.ptx 793 : 3145728 28357440 0 0 0 0 0 0 0 
main.1.sm_70.ptx 794 : 3145728 31499904 0 0 0 0 0 0 0 
main.1.sm_70.ptx 795 : 3145728 19117440 0 0 0 0 0 0 0 
main.1.sm_70.ptx 796 : 3145728 18917760 0 0 0 0 0 0 0 
main.1.sm_70.ptx 797 : 3145728 28459872 0 0 0 0 0 0 0 
main.1.sm_70.ptx 798 : 3145728 81496224 0 239616 98304 0 0 0 0 
main.1.sm_70.ptx 799 : 3145728 15873888 0 0 0 0 0 0 0 
main.1.sm_70.ptx 804 : 3145728 18920832 0 0 0 0 0 0 0 
main.1.sm_70.ptx 805 : 3145728 18940416 0 0 0 0 0 0 0 
main.1.sm_70.ptx 806 : 3145728 25890048 0 0 0 0 0 0 0 
main.1.sm_70.ptx 807 : 3145728 18915264 0 0 0 0 0 0 0 
main.1.sm_70.ptx 808 : 3145728 28361376 0 0 0 0 0 0 0 
main.1.sm_70.ptx 812 : 3145728 18926592 0 0 0 0 0 0 0 
main.1.sm_70.ptx 813 : 3145728 18941376 0 0 0 0 0 0 0 
main.1.sm_70.ptx 814 : 3145728 18924384 0 0 0 0 0 0 0 
main.1.sm_70.ptx 815 : 3145728 28353504 0 0 0 0 0 0 0 
main.1.sm_70.ptx 816 : 3145728 19075296 0 0 0 0 0 0 0 
main.1.sm_70.ptx 817 : 3145728 18924480 0 0 0 0 0 0 0 
main.1.sm_70.ptx 818 : 3145728 28355328 0 0 0 0 0 0 0 
main.1.sm_70.ptx 819 : 3145728 80337792 0 216576 98304 0 0 0 0 
main.1.sm_70.ptx 820 : 3145728 15885600 0 0 0 0 0 0 0 
main.1.sm_70.ptx 825 : 3145728 18919584 0 0 0 0 0 0 0 
main.1.sm_70.ptx 826 : 3145728 18917952 0 0 0 0 0 0 0 
main.1.sm_70.ptx 827 : 3145728 25765440 0 0 0 0 0 0 0 
main.1.sm_70.ptx 828 : 3145728 18913920 0 0 0 0 0 0 0 
main.1.sm_70.ptx 829 : 3145728 28349952 0 0 0 0 0 0 0 
main.1.sm_70.ptx 833 : 3145728 18943680 0 0 0 0 0 0 0 
main.1.sm_70.ptx 834 : 3145728 18959520 0 0 0 0 0 0 0 
main.1.sm_70.ptx 835 : 3145728 18954624 0 0 0 0 0 0 0 
main.1.sm_70.ptx 836 : 3145728 28356384 0 0 0 0 0 0 0 
main.1.sm_70.ptx 837 : 3145728 31506048 0 0 0 0 0 0 0 
main.1.sm_70.ptx 838 : 3145728 19098144 0 0 0 0 0 0 0 
main.1.sm_70.ptx 839 : 3145728 18915840 0 0 0 0 0 0 0 
main.1.sm_70.ptx 840 : 3145728 28348320 0 0 0 0 0 0 0 
main.1.sm_70.ptx 841 : 3145728 80839680 0 230400 98304 0 0 0 0 
main.1.sm_70.ptx 842 : 3145728 19046400 0 0 0 0 0 0 0 
main.1.sm_70.ptx 843 : 3145728 28349472 0 0 0 0 0 0 0 
main.1.sm_70.ptx 844 : 3145728 56751648 0 0 0 0 0 0 0 
main.1.sm_70.ptx 845 : 3145728 31506432 0 0 0 0 0 0 0 
main.1.sm_70.ptx 846 : 3145728 19069152 0 0 0 0 0 0 0 
main.1.sm_70.ptx 847 : 3145728 18910560 0 0 0 0 0 0 0 
main.1.sm_70.ptx 848 : 3145728 28345824 0 0 0 0 0 0 0 
main.1.sm_70.ptx 849 : 3145728 80893056 0 236544 98304 0 0 0 0 
main.1.sm_70.ptx 850 : 3145728 18960384 0 0 0 0 0 0 0 
main.1.sm_70.ptx 851 : 3145728 28349472 0 0 0 0 0 0 0 
main.1.sm_70.ptx 852 : 3145728 28433664 0 0 0 0 0 0 0 
main.1.sm_70.ptx 853 : 3145728 16800000 0 0 0 0 0 0 0 
main.1.sm_70.ptx 866 : 3145728 18909504 0 0 0 0 0 0 0 
main.1.sm_70.ptx 868 : 3145728 18905280 0 0 0 0 0 0 0 
main.1.sm_70.ptx 869 : 3145728 28338048 0 0 0 0 0 0 0 
main.1.sm_70.ptx 884 : 3145728 56738784 0 0 0 0 0 0 0 
main.1.sm_70.ptx 885 : 3145728 18951456 0 0 0 0 0 0 0 
main.1.sm_70.ptx 898 : 3145728 25782912 0 0 0 0 0 0 0 
main.1.sm_70.ptx 899 : 3145728 18924768 0 0 0 0 0 0 0 
main.1.sm_70.ptx 900 : 3145728 28362048 0 0 0 0 0 0 0 
main.1.sm_70.ptx 904 : 3145728 16387968 0 0 0 0 0 0 0 
main.1.sm_70.ptx 909 : 3145728 18937632 0 0 0 0 0 0 0 
main.1.sm_70.ptx 911 : 3145728 25873632 0 0 0 0 0 0 0 
