kernel line : count latency dram_traffic smem_bk_conflicts smem_warp gmem_access_generated gmem_warp exposed_latency warp_divergence
sad.3.sm_70.ptx 93 : 12672 63360 0 0 0 0 0 0 0 
sad.3.sm_70.ptx 91 : 12672 67968 0 0 0 0 0 0 0 
sad.3.sm_70.ptx 72 : 12672 76032 0 0 0 0 0 0 0 
sad.3.sm_70.ptx 67 : 12672 90464 0 0 0 0 0 0 0 
sad.3.sm_70.ptx 66 : 12672 129792 0 0 0 0 0 0 0 
sad.2.sm_70.ptx 186 : 50688 472224 0 0 0 0 0 0 0 
sad.2.sm_70.ptx 185 : 50688 598432 0 0 0 7920 1584 0 0 
sad.2.sm_70.ptx 160 : 12672 116800 0 0 0 0 0 0 0 
sad.2.sm_70.ptx 151 : 12672 125088 0 0 0 0 0 0 0 
sad.2.sm_70.ptx 132 : 396 3885 0 0 0 0 0 0 0 
sad.2.sm_70.ptx 131 : 396 4201 0 0 0 396 396 0 0 
sad.2.sm_70.ptx 130 : 396 3592 0 0 0 0 0 0 0 
sad.2.sm_70.ptx 129 : 396 3763 0 0 0 0 0 0 0 
sad.2.sm_70.ptx 128 : 396 3471 0 0 0 396 396 0 0 
sad.2.sm_70.ptx 127 : 396 3721 0 0 0 0 0 0 0 
sad.2.sm_70.ptx 126 : 396 2516 0 0 0 396 396 0 0 
sad.2.sm_70.ptx 125 : 396 3627 0 0 0 0 0 0 0 
sad.2.sm_70.ptx 124 : 396 3680 0 0 0 0 0 0 0 
sad.2.sm_70.ptx 123 : 396 2181 0 0 0 396 396 0 0 
sad.2.sm_70.ptx 122 : 396 3570 0 0 0 0 0 0 0 
sad.2.sm_70.ptx 121 : 396 1743 0 0 0 396 396 0 0 
sad.2.sm_70.ptx 120 : 396 3576 0 0 0 0 0 0 0 
sad.2.sm_70.ptx 119 : 396 3570 0 0 0 0 0 0 0 
sad.2.sm_70.ptx 118 : 396 191564 12672 0 0 396 396 0 0 
sad.2.sm_70.ptx 117 : 396 190530 12672 0 0 396 396 0 0 
sad.2.sm_70.ptx 116 : 396 189618 12672 0 0 396 396 0 0 
sad.2.sm_70.ptx 115 : 396 187300 12672 0 0 396 396 0 0 
sad.2.sm_70.ptx 114 : 396 3573 0 0 0 0 0 0 0 
sad.2.sm_70.ptx 113 : 396 3564 0 0 0 0 0 0 0 
sad.2.sm_70.ptx 89 : 396 1992 0 0 0 0 0 0 0 
sad.3.sm_70.ptx 88 : 12672 56800 0 0 0 0 0 0 0 
sad.2.sm_70.ptx 88 : 396 2380 0 0 0 0 0 0 0 
sad.3.sm_70.ptx 86 : 12672 63360 0 0 0 0 0 0 0 
sad.2.sm_70.ptx 86 : 12672 61845 0 0 0 0 0 0 396 
sad.3.sm_70.ptx 85 : 12672 63360 0 0 0 0 0 0 0 
sad.2.sm_70.ptx 85 : 12672 76704 0 0 0 0 0 0 0 
sad.2.sm_70.ptx 84 : 12672 114112 0 0 0 0 0 0 0 
sad.3.sm_70.ptx 83 : 12672 34528 0 0 0 0 0 0 0 
sad.2.sm_70.ptx 83 : 12672 114528 0 0 0 0 0 0 0 
sad.2.sm_70.ptx 82 : 12672 114336 0 0 0 0 0 0 0 
sad.2.sm_70.ptx 81 : 12672 114336 0 0 0 0 0 0 0 
sad.2.sm_70.ptx 79 : 12672 0 0 0 0 0 0 0 0 
sad.3.sm_70.ptx 78 : 99 316 0 0 0 0 0 0 0 
sad.2.sm_70.ptx 78 : 12672 76320 0 0 0 0 0 0 0 
sad.2.sm_70.ptx 77 : 12672 76032 0 0 0 0 0 0 0 
sad.3.sm_70.ptx 76 : 99 495 0 0 0 0 0 0 0 
sad.2.sm_70.ptx 76 : 12672 114048 0 0 0 0 0 0 0 
sad.3.sm_70.ptx 75 : 99 495 0 0 0 0 0 0 0 
sad.2.sm_70.ptx 75 : 12672 76032 0 0 0 0 0 0 0 
sad.2.sm_70.ptx 74 : 12672 114048 0 0 0 0 0 0 0 
sad.3.sm_70.ptx 73 : 12672 63279 0 0 0 0 0 0 99 
sad.2.sm_70.ptx 73 : 12672 64896 0 0 0 0 0 0 0 
sad.3.sm_70.ptx 71 : 12672 114048 0 0 0 0 0 0 0 
sad.2.sm_70.ptx 71 : 12672 0 0 0 0 0 0 0 0 
sad.3.sm_70.ptx 70 : 12672 73568 0 0 0 0 0 0 0 
sad.2.sm_70.ptx 70 : 12672 76640 0 0 0 0 0 0 0 
sad.3.sm_70.ptx 69 : 12672 115232 0 0 0 0 0 0 0 
sad.2.sm_70.ptx 69 : 12672 72640 0 0 0 0 0 0 0 
sad.3.sm_70.ptx 68 : 12672 87392 0 0 0 0 0 0 0 
sad.2.sm_70.ptx 68 : 12672 116800 0 0 0 0 0 0 0 
sad.3.sm_70.ptx 65 : 12672 63360 0 0 0 0 0 0 0 
sad.2.sm_70.ptx 65 : 12672 114880 0 0 0 0 0 0 0 
sad.3.sm_70.ptx 64 : 12672 63360 0 0 0 0 0 0 0 
sad.2.sm_70.ptx 64 : 12672 114080 0 0 0 0 0 0 0 
sad.3.sm_70.ptx 63 : 12672 63360 0 0 0 0 0 0 0 
sad.2.sm_70.ptx 63 : 12672 126720 0 0 0 0 0 0 0 
sad.3.sm_70.ptx 62 : 12672 63360 0 0 0 0 0 0 0 
sad.2.sm_70.ptx 62 : 12672 114176 0 0 0 0 0 0 0 
sad.2.sm_70.ptx 61 : 12672 126848 0 0 0 0 0 0 0 
sad.2.sm_70.ptx 60 : 12672 114176 0 0 0 0 0 0 0 
sad.2.sm_70.ptx 59 : 12672 76768 0 0 0 0 0 0 0 
sad.2.sm_70.ptx 58 : 12672 114176 0 0 0 0 0 0 0 
sad.2.sm_70.ptx 57 : 12672 114048 0 0 0 0 0 0 0 
sad.2.sm_70.ptx 56 : 12672 126720 0 0 0 0 0 0 0 
sad.2.sm_70.ptx 55 : 12672 126848 0 0 0 0 0 0 0 
sad.2.sm_70.ptx 54 : 12672 115776 0 0 0 0 0 0 0 
sad.2.sm_70.ptx 52 : 12672 0 0 0 0 0 0 0 0 
sad.2.sm_70.ptx 51 : 12672 80640 0 0 0 0 0 0 0 
sad.2.sm_70.ptx 50 : 12672 118048 0 0 0 0 0 0 0 
sad.2.sm_70.ptx 49 : 12672 116416 0 0 0 0 0 0 0 
sad.2.sm_70.ptx 48 : 12672 127008 0 0 0 0 0 0 0 
sad.2.sm_70.ptx 47 : 12672 114176 0 0 0 0 0 0 0 
sad.2.sm_70.ptx 46 : 12672 77600 0 0 0 0 0 0 0 
sad.2.sm_70.ptx 45 : 12672 127200 0 0 0 0 0 0 0 
sad.2.sm_70.ptx 44 : 12672 116416 0 0 0 0 0 0 0 
sad.2.sm_70.ptx 43 : 12672 115200 0 0 0 0 0 0 0 
sad.2.sm_70.ptx 42 : 12672 114304 0 0 0 0 0 0 0 
sad.2.sm_70.ptx 41 : 12672 77568 0 0 0 0 0 0 0 
sad.2.sm_70.ptx 40 : 12672 77312 0 0 0 0 0 0 0 
sad.2.sm_70.ptx 39 : 12672 77696 0 0 0 0 0 0 0 
sad.2.sm_70.ptx 38 : 12672 79904 0 0 0 0 0 0 0 
sad.2.sm_70.ptx 37 : 12672 79936 0 0 0 0 0 0 0 
sad.2.sm_70.ptx 36 : 12672 115584 0 0 0 0 0 0 0 
sad.2.sm_70.ptx 35 : 12672 66560 0 0 0 0 0 0 0 
sad.2.sm_70.ptx 230 : 50688 480608 0 0 0 7920 1584 0 0 
sad.1.sm_70.ptx 1866 : 1724976 18059484 0 0 0 0 0 0 0 
sad.2.sm_70.ptx 229 : 50688 457088 0 0 0 0 0 0 0 
sad.1.sm_70.ptx 1865 : 1724976 22071313 0 0 0 0 0 0 0 
sad.2.sm_70.ptx 228 : 50688 469184 0 0 0 7920 1584 0 0 
sad.1.sm_70.ptx 1864 : 1724976 23399021 0 0 0 0 0 0 0 
sad.2.sm_70.ptx 227 : 50688 456224 0 0 0 0 0 0 0 
sad.1.sm_70.ptx 1863 : 1724976 17908851 0 0 0 0 0 0 0 
sad.2.sm_70.ptx 226 : 50688 445696 0 0 0 7920 1584 0 0 
sad.1.sm_70.ptx 1862 : 1724976 22728946 0 0 0 0 0 0 0 
sad.2.sm_70.ptx 225 : 50688 456448 0 0 0 0 0 0 0 
sad.1.sm_70.ptx 1861 : 1724976 153111952 0 0 0 57024 57024 0 0 
sad.2.sm_70.ptx 224 : 50688 444480 0 0 0 7920 1584 0 0 
sad.1.sm_70.ptx 1860 : 1724976 23830271 0 0 0 0 0 0 0 
sad.2.sm_70.ptx 223 : 50688 456192 0 0 0 0 0 0 0 
sad.1.sm_70.ptx 1859 : 1724976 171855889 0 0 0 0 0 0 0 
sad.2.sm_70.ptx 222 : 50688 39815360 202752 0 0 7920 1584 0 0 
sad.1.sm_70.ptx 1858 : 1724976 18070774 0 0 0 0 0 0 0 
sad.2.sm_70.ptx 221 : 50688 38775072 202752 0 0 7920 1584 0 0 
sad.1.sm_70.ptx 1857 : 1724976 22105009 0 0 0 0 0 0 0 
sad.2.sm_70.ptx 220 : 50688 38875872 193248 0 0 7920 1584 0 0 
sad.1.sm_70.ptx 1856 : 1724976 23433514 0 0 0 0 0 0 0 
sad.2.sm_70.ptx 219 : 50688 38553696 190080 0 0 7920 1584 0 0 
sad.1.sm_70.ptx 1855 : 1724976 17876546 0 0 0 0 0 0 0 
sad.2.sm_70.ptx 218 : 50688 526112 0 0 0 7920 1584 0 0 
sad.1.sm_70.ptx 1854 : 1724976 22783320 0 0 0 0 0 0 0 
sad.2.sm_70.ptx 217 : 50688 456192 0 0 0 0 0 0 0 
sad.1.sm_70.ptx 1853 : 1724976 153385896 0 0 0 57024 57024 0 0 
sad.2.sm_70.ptx 216 : 50688 513728 0 0 0 7920 1584 0 0 
sad.1.sm_70.ptx 1852 : 1724976 24147044 0 0 0 0 0 0 0 
sad.2.sm_70.ptx 215 : 50688 457408 0 0 0 0 0 0 0 
sad.1.sm_70.ptx 1851 : 1724976 170635474 0 0 0 0 0 0 0 
sad.2.sm_70.ptx 214 : 50688 497536 0 0 0 7920 1584 0 0 
sad.1.sm_70.ptx 1850 : 1724976 17988947 0 0 0 0 0 0 0 
sad.2.sm_70.ptx 213 : 50688 456256 0 0 0 0 0 0 0 
sad.1.sm_70.ptx 1849 : 1724976 22191119 0 0 0 0 0 0 0 
sad.2.sm_70.ptx 212 : 50688 483392 0 0 0 7920 1584 0 0 
sad.1.sm_70.ptx 1848 : 1724976 23277532 0 0 0 0 0 0 0 
sad.2.sm_70.ptx 211 : 50688 456192 0 0 0 0 0 0 0 
sad.1.sm_70.ptx 1847 : 1724976 17730950 0 0 0 0 0 0 0 
sad.2.sm_70.ptx 210 : 50688 478144 0 0 0 7920 1584 0 0 
sad.1.sm_70.ptx 1846 : 1724976 22791885 0 0 0 0 0 0 0 
sad.2.sm_70.ptx 209 : 50688 456512 0 0 0 0 0 0 0 
sad.1.sm_70.ptx 1845 : 1724976 167013434 0 0 0 57024 57024 0 0 
sad.2.sm_70.ptx 208 : 50688 37935072 202752 0 0 7920 1584 0 0 
sad.1.sm_70.ptx 1844 : 1724976 23199650 0 0 0 0 0 0 0 
sad.2.sm_70.ptx 207 : 50688 37349632 202752 0 0 7920 1584 0 0 
sad.1.sm_70.ptx 1843 : 1724976 21821586 0 0 0 0 0 0 0 
sad.2.sm_70.ptx 206 : 50688 37423008 202752 0 0 7920 1584 0 0 
sad.1.sm_70.ptx 1842 : 1724976 17561345 0 0 0 0 0 0 0 
sad.2.sm_70.ptx 205 : 50688 36935904 202752 0 0 7920 1584 0 0 
sad.1.sm_70.ptx 1841 : 1724976 178059652 0 0 0 0 0 0 0 
sad.2.sm_70.ptx 204 : 50688 532864 0 0 0 7920 1584 0 0 
sad.1.sm_70.ptx 1840 : 1724976 18143194 0 0 0 0 0 0 0 
sad.2.sm_70.ptx 203 : 50688 456672 0 0 0 0 0 0 0 
sad.1.sm_70.ptx 1839 : 1724976 22154803 0 0 0 0 0 0 0 
sad.2.sm_70.ptx 202 : 50688 523360 0 0 0 7920 1584 0 0 
sad.1.sm_70.ptx 1838 : 1724976 18022546 0 0 0 0 0 0 0 
sad.2.sm_70.ptx 201 : 50688 456864 0 0 0 0 0 0 0 
sad.1.sm_70.ptx 1837 : 1724976 22919534 0 0 0 0 0 0 0 
sad.2.sm_70.ptx 200 : 50688 514976 0 0 0 7920 1584 0 0 
sad.1.sm_70.ptx 1836 : 1724976 250147305 0 0 0 57024 57024 0 0 
sad.2.sm_70.ptx 199 : 50688 457952 0 0 0 0 0 0 0 
sad.1.sm_70.ptx 1835 : 1724976 26393272 0 0 0 0 0 0 0 
sad.2.sm_70.ptx 198 : 50688 498720 0 0 0 7920 1584 0 0 
sad.1.sm_70.ptx 1834 : 1724976 276113251 0 0 0 0 0 0 0 
sad.2.sm_70.ptx 197 : 50688 456704 0 0 0 0 0 0 0 
sad.1.sm_70.ptx 1833 : 1724976 17825182 0 0 0 0 0 0 0 
sad.2.sm_70.ptx 196 : 50688 499968 0 0 0 7920 1584 0 0 
sad.1.sm_70.ptx 1832 : 1724976 18380402 0 0 0 0 0 0 0 
sad.2.sm_70.ptx 195 : 50688 458016 0 0 0 0 0 0 0 
sad.1.sm_70.ptx 1831 : 1724976 22798916 0 0 0 0 0 0 0 
sad.2.sm_70.ptx 194 : 50688 36725920 202752 0 0 7920 1584 0 0 
sad.1.sm_70.ptx 1830 : 1724976 23771203 0 0 0 0 0 0 0 
sad.2.sm_70.ptx 193 : 50688 36419712 202752 0 0 7920 1584 0 0 
sad.1.sm_70.ptx 1829 : 1724976 24469377 0 0 0 0 0 0 0 
sad.2.sm_70.ptx 192 : 50688 36309472 202752 0 0 7920 1584 0 0 
sad.1.sm_70.ptx 1828 : 1724976 24163849 0 0 0 0 0 0 0 
sad.2.sm_70.ptx 191 : 50688 35936416 202752 0 0 7920 1584 0 0 
sad.1.sm_70.ptx 1827 : 1724976 24174209 0 0 0 0 0 0 0 
sad.2.sm_70.ptx 190 : 50688 663104 0 0 0 7920 1584 0 0 
sad.1.sm_70.ptx 1826 : 1724976 24252731 0 0 0 0 0 0 0 
sad.2.sm_70.ptx 189 : 50688 460096 0 0 0 0 0 0 0 
sad.1.sm_70.ptx 1825 : 1724976 18105725 0 0 0 0 0 0 0 
sad.2.sm_70.ptx 34 : 12672 76640 0 0 0 0 0 0 0 
sad.2.sm_70.ptx 188 : 50688 466880 0 0 0 0 0 0 0 
sad.1.sm_70.ptx 1824 : 1724976 19711733 0 0 0 0 0 0 0 
sad.2.sm_70.ptx 33 : 12672 66560 0 0 0 0 0 0 0 
sad.2.sm_70.ptx 187 : 50688 634688 0 0 0 7920 1584 0 0 
sad.1.sm_70.ptx 1823 : 1724976 26061536 0 0 0 0 0 0 0 
sad.2.sm_70.ptx 32 : 12672 76032 0 0 0 0 0 0 0 
sad.2.sm_70.ptx 184 : 50688 458400 0 0 0 0 0 0 0 
sad.1.sm_70.ptx 1820 : 96624 1136924 0 0 0 0 0 0 0 
sad.2.sm_70.ptx 29 : 12672 84256 0 0 0 0 0 0 0 
sad.2.sm_70.ptx 183 : 50688 466976 0 0 0 0 0 0 0 
sad.1.sm_70.ptx 1819 : 96624 1139938 0 0 0 0 0 0 0 
sad.2.sm_70.ptx 28 : 12672 126240 0 0 0 0 0 0 0 
sad.2.sm_70.ptx 182 : 50688 561088 0 0 0 7920 1584 0 0 
sad.1.sm_70.ptx 1818 : 96624 1140404 0 0 0 0 0 0 0 
sad.2.sm_70.ptx 27 : 12672 98816 0 0 0 0 0 0 0 
sad.1.sm_70.ptx 1792 : 96624 889797 0 0 0 0 0 0 0 
sad.1.sm_70.ptx 1791 : 96624 1152457 0 0 0 0 0 0 0 
sad.2.sm_70.ptx 154 : 12672 126368 0 0 0 0 0 0 0 
sad.1.sm_70.ptx 1790 : 96624 1154172 0 0 0 0 0 0 0 
sad.2.sm_70.ptx 153 : 12672 292288 0 0 0 1980 396 0 0 
sad.1.sm_70.ptx 1789 : 96624 1253057 0 0 0 0 0 0 0 
sad.2.sm_70.ptx 152 : 12672 117664 0 0 0 0 0 0 0 
sad.1.sm_70.ptx 1788 : 96624 1219770 0 0 0 0 0 0 0 
sad.2.sm_70.ptx 150 : 12672 267200 0 0 0 1980 396 0 0 
sad.1.sm_70.ptx 1786 : 96624 0 0 0 0 0 0 0 0 
sad.2.sm_70.ptx 149 : 12672 122688 0 0 0 0 0 0 0 
sad.1.sm_70.ptx 1785 : 96624 864816 0 0 0 0 0 0 0 
sad.2.sm_70.ptx 148 : 12672 248896 0 0 0 1980 396 0 0 
sad.1.sm_70.ptx 1784 : 96624 886961 0 0 0 0 0 0 0 
sad.2.sm_70.ptx 147 : 12672 116672 0 0 0 0 0 0 0 
sad.1.sm_70.ptx 1783 : 96624 804286 0 0 0 0 0 0 0 
sad.2.sm_70.ptx 146 : 12672 118368 0 0 0 0 0 0 0 
sad.1.sm_70.ptx 1782 : 96624 802504 0 0 0 0 0 0 0 
sad.2.sm_70.ptx 145 : 12672 219904 0 0 0 1980 396 0 0 
sad.1.sm_70.ptx 1781 : 96624 1165290 0 0 0 0 0 0 0 
sad.2.sm_70.ptx 144 : 12672 116416 0 0 0 0 0 0 0 
sad.1.sm_70.ptx 1780 : 96624 845728 0 0 0 0 0 0 0 
sad.2.sm_70.ptx 231 : 50688 456192 0 0 0 0 0 0 0 
sad.1.sm_70.ptx 1867 : 1724976 172150340 0 0 0 0 0 0 0 
sad.1.sm_70.ptx 1770 : 96624 1390544 0 0 0 0 0 0 0 
sad.2.sm_70.ptx 181 : 50688 462336 0 0 0 0 0 0 0 
sad.1.sm_70.ptx 1817 : 96624 1159696 0 0 0 0 0 0 0 
sad.2.sm_70.ptx 26 : 12672 65984 0 0 0 0 0 0 0 
sad.2.sm_70.ptx 232 : 50688 493184 0 0 0 7920 1584 0 0 
sad.1.sm_70.ptx 1868 : 1724976 17360580 0 0 0 0 0 0 0 
sad.2.sm_70.ptx 135 : 12672 123296 0 0 0 0 0 0 0 
sad.1.sm_70.ptx 1771 : 96624 1438592 0 0 0 0 0 0 0 
sad.1.sm_70.ptx 1970 : 96624 11760630 0 0 0 0 0 0 0 
sad.2.sm_70.ptx 233 : 50688 458432 0 0 0 0 0 0 0 
sad.1.sm_70.ptx 1869 : 1724976 16679404 0 0 0 0 0 0 0 
sad.2.sm_70.ptx 136 : 12672 127712 0 0 0 0 0 0 0 
sad.1.sm_70.ptx 1772 : 96624 1487072 0 0 0 0 0 0 0 
sad.2.sm_70.ptx 137 : 12672 6750976 50688 0 0 1980 396 0 0 
sad.1.sm_70.ptx 1773 : 96624 1508272 0 0 0 0 0 0 0 
sad.2.sm_70.ptx 138 : 12672 6905504 50688 0 0 1980 396 0 0 
sad.1.sm_70.ptx 1774 : 96624 2065264 0 0 0 0 0 0 0 
sad.2.sm_70.ptx 139 : 12672 6958656 50688 0 0 1980 396 0 0 
sad.1.sm_70.ptx 1775 : 96624 1135408 0 0 0 0 0 0 0 
sad.1.sm_70.ptx 1974 : 96624 647067 0 0 0 0 0 0 0 
sad.2.sm_70.ptx 140 : 12672 7110784 50688 0 0 1980 396 0 0 
sad.1.sm_70.ptx 1776 : 96624 901520 0 0 0 0 0 0 0 
sad.2.sm_70.ptx 141 : 12672 114144 0 0 0 0 0 0 0 
sad.1.sm_70.ptx 1777 : 96624 809232 0 0 0 0 0 0 0 
sad.2.sm_70.ptx 142 : 12672 114368 0 0 0 0 0 0 0 
sad.1.sm_70.ptx 1778 : 96624 782976 0 0 0 0 0 0 0 
sad.2.sm_70.ptx 143 : 12672 174944 0 0 0 1980 396 0 0 
sad.1.sm_70.ptx 1779 : 96624 828848 0 0 0 0 0 0 0 
sad.2.sm_70.ptx 157 : 12672 79360 0 0 0 0 0 0 0 
sad.1.sm_70.ptx 1793 : 96624 1995082 0 0 0 0 0 0 0 
sad.2.sm_70.ptx 158 : 12672 0 0 0 0 0 0 0 0 
sad.1.sm_70.ptx 1794 : 96624 874821 0 0 0 0 0 0 0 
sad.1.sm_70.ptx 1795 : 96624 0 0 0 0 0 0 0 0 
sad.2.sm_70.ptx 161 : 12672 77728 0 0 0 0 0 0 0 
sad.1.sm_70.ptx 1797 : 96624 868344 0 0 0 0 0 0 0 
sad.2.sm_70.ptx 162 : 12672 120416 0 0 0 0 0 0 0 
sad.1.sm_70.ptx 1798 : 96624 846675 0 0 0 0 0 0 0 
sad.2.sm_70.ptx 163 : 12672 117696 0 0 0 0 0 0 0 
sad.1.sm_70.ptx 1799 : 96624 1189655 0 0 0 0 0 0 0 
sad.2.sm_70.ptx 164 : 12672 117248 0 0 0 0 0 0 0 
sad.1.sm_70.ptx 1800 : 96624 874228 0 0 0 0 0 0 0 
sad.2.sm_70.ptx 165 : 12672 116576 0 0 0 0 0 0 0 
sad.1.sm_70.ptx 1801 : 96624 861148 0 0 0 0 0 0 0 
sad.2.sm_70.ptx 166 : 12672 117920 0 0 0 0 0 0 0 
sad.1.sm_70.ptx 1802 : 96624 862494 0 0 0 0 0 0 0 
sad.2.sm_70.ptx 167 : 12672 115104 0 0 0 0 0 0 0 
sad.1.sm_70.ptx 1803 : 96624 846588 0 0 0 0 0 0 0 
sad.2.sm_70.ptx 168 : 12672 117184 0 0 0 0 0 0 0 
sad.1.sm_70.ptx 1804 : 96624 1152751 0 0 0 0 0 0 0 
sad.2.sm_70.ptx 169 : 12672 119040 0 0 0 0 0 0 0 
sad.1.sm_70.ptx 1805 : 96624 905073 0 0 0 0 0 0 0 
sad.2.sm_70.ptx 170 : 12672 116320 0 0 0 0 0 0 0 
sad.1.sm_70.ptx 1806 : 96624 1252120 0 0 0 0 0 0 0 
sad.1.sm_70.ptx 1807 : 96624 903284 0 0 0 0 0 0 0 
sad.1.sm_70.ptx 1808 : 96624 1161745 0 0 0 0 0 0 0 
sad.2.sm_70.ptx 173 : 50688 463296 0 0 0 0 0 0 0 
sad.1.sm_70.ptx 1809 : 96624 1177817 0 0 0 0 0 0 0 
sad.2.sm_70.ptx 174 : 50688 34870560 202752 0 0 7920 1584 0 0 
sad.1.sm_70.ptx 1810 : 96624 1177748 0 0 0 0 0 0 0 
sad.2.sm_70.ptx 175 : 50688 35334304 202752 0 0 7920 1584 0 0 
sad.1.sm_70.ptx 1811 : 96624 1203562 0 0 0 0 0 0 0 
sad.2.sm_70.ptx 176 : 50688 35257376 202752 0 0 7920 1584 0 0 
sad.1.sm_70.ptx 1812 : 96624 1306650 0 0 0 0 0 0 0 
sad.2.sm_70.ptx 177 : 50688 35895552 202752 0 0 7920 1584 0 0 
sad.1.sm_70.ptx 1813 : 96624 1165627 0 0 0 0 0 0 0 
sad.2.sm_70.ptx 178 : 50688 460832 0 0 0 0 0 0 0 
sad.1.sm_70.ptx 1814 : 96624 1243553 0 0 0 0 0 0 0 
sad.2.sm_70.ptx 179 : 50688 456416 0 0 0 0 0 0 0 
sad.1.sm_70.ptx 1815 : 96624 1290534 0 0 0 0 0 0 0 
sad.2.sm_70.ptx 180 : 50688 519872 0 0 0 7920 1584 0 0 
sad.1.sm_70.ptx 1816 : 96624 1227450 0 0 0 0 0 0 0 
sad.2.sm_70.ptx 234 : 50688 456192 0 0 0 0 0 0 0 
sad.1.sm_70.ptx 1870 : 1724976 17906234 0 0 0 0 0 0 0 
sad.2.sm_70.ptx 235 : 50688 456224 0 0 0 0 0 0 0 
sad.1.sm_70.ptx 1871 : 1724976 23579940 0 0 0 0 0 0 0 
sad.2.sm_70.ptx 236 : 50688 304128 0 0 0 0 0 0 0 
sad.1.sm_70.ptx 1872 : 1724976 227468706 0 0 0 57024 57024 0 0 
sad.2.sm_70.ptx 237 : 50688 190432 0 0 0 0 0 0 0 
sad.1.sm_70.ptx 1873 : 1724976 22814542 0 0 0 0 0 0 0 
sad.1.sm_70.ptx 1874 : 1724976 17990622 0 0 0 0 0 0 0 
sad.1.sm_70.ptx 1875 : 1724976 30038490 0 0 0 0 0 0 0 
sad.2.sm_70.ptx 240 : 12672 63360 0 0 0 0 0 0 0 
sad.1.sm_70.ptx 1876 : 1724976 153957660 0 0 0 0 0 0 0 
sad.1.sm_70.ptx 1877 : 1724976 17706582 0 0 0 0 0 0 0 
sad.1.sm_70.ptx 1878 : 1724976 21877685 0 0 0 0 0 0 0 
sad.1.sm_70.ptx 1879 : 1724976 167143398 0 0 0 57024 57024 0 0 
sad.1.sm_70.ptx 1880 : 1724976 23186037 0 0 0 0 0 0 0 
sad.1.sm_70.ptx 1881 : 1724976 18331109 0 0 0 0 0 0 0 
sad.1.sm_70.ptx 1882 : 1724976 30994244 0 0 0 0 0 0 0 
sad.1.sm_70.ptx 1883 : 1724976 154036932 0 0 0 0 0 0 0 
sad.1.sm_70.ptx 1884 : 1724976 24694254 0 0 0 0 0 0 0 
sad.1.sm_70.ptx 1885 : 1724976 153675624 0 0 0 57024 57024 0 0 
sad.1.sm_70.ptx 1886 : 1724976 23318509 0 0 0 0 0 0 0 
sad.1.sm_70.ptx 1887 : 1724976 18352354 0 0 0 0 0 0 0 
sad.1.sm_70.ptx 1888 : 1724976 31307409 0 0 0 0 0 0 0 
sad.1.sm_70.ptx 1889 : 1724976 154847299 0 0 0 0 0 0 0 
sad.1.sm_70.ptx 1890 : 1724976 24502828 0 0 0 0 0 0 0 
sad.1.sm_70.ptx 1891 : 1724976 153887177 0 0 0 57024 57024 0 0 
sad.1.sm_70.ptx 1892 : 1724976 22923970 0 0 0 0 0 0 0 
sad.1.sm_70.ptx 1893 : 1724976 18166096 0 0 0 0 0 0 0 
sad.1.sm_70.ptx 1894 : 1724976 24222920 0 0 0 0 0 0 0 
sad.1.sm_70.ptx 1895 : 1724976 22803039 0 0 0 0 0 0 0 
sad.1.sm_70.ptx 1896 : 1724976 18289051 0 0 0 0 0 0 0 
sad.1.sm_70.ptx 1897 : 1724976 164532357 0 0 0 0 0 0 0 
sad.1.sm_70.ptx 1898 : 1724976 17526724 0 0 0 0 0 0 0 
sad.1.sm_70.ptx 1899 : 1724976 21771917 0 0 0 0 0 0 0 
sad.1.sm_70.ptx 1900 : 1724976 230129901 0 0 0 57024 57024 0 0 
sad.1.sm_70.ptx 1901 : 1724976 22789372 0 0 0 0 0 0 0 
sad.1.sm_70.ptx 1902 : 1724976 17973165 0 0 0 0 0 0 0 
sad.1.sm_70.ptx 1903 : 1724976 30021385 0 0 0 0 0 0 0 
sad.1.sm_70.ptx 1904 : 1724976 152972991 0 0 0 0 0 0 0 
sad.1.sm_70.ptx 1905 : 1724976 17720125 0 0 0 0 0 0 0 
sad.1.sm_70.ptx 1906 : 1724976 21880883 0 0 0 0 0 0 0 
sad.1.sm_70.ptx 1907 : 1724976 165326238 0 0 0 57024 57024 0 0 
sad.1.sm_70.ptx 1908 : 1724976 23125259 0 0 0 0 0 0 0 
sad.1.sm_70.ptx 1909 : 1724976 18292526 0 0 0 0 0 0 0 
sad.1.sm_70.ptx 1910 : 1724976 31125849 0 0 0 0 0 0 0 
sad.1.sm_70.ptx 1911 : 1724976 153237863 0 0 0 0 0 0 0 
sad.1.sm_70.ptx 1912 : 1724976 24540176 0 0 0 0 0 0 0 
sad.1.sm_70.ptx 1913 : 1724976 151939995 0 0 0 57024 57024 0 0 
sad.1.sm_70.ptx 1914 : 1724976 23097286 0 0 0 0 0 0 0 
sad.1.sm_70.ptx 1915 : 1724976 18278627 0 0 0 0 0 0 0 
sad.1.sm_70.ptx 1916 : 1724976 31141316 0 0 0 0 0 0 0 
sad.1.sm_70.ptx 1917 : 1724976 154063937 0 0 0 0 0 0 0 
sad.1.sm_70.ptx 1918 : 1724976 24361235 0 0 0 0 0 0 0 
sad.1.sm_70.ptx 1919 : 1724976 152093677 0 0 0 57024 57024 0 0 
sad.1.sm_70.ptx 1920 : 1724976 22890623 0 0 0 0 0 0 0 
sad.1.sm_70.ptx 1921 : 1724976 18080856 0 0 0 0 0 0 0 
sad.1.sm_70.ptx 1922 : 1724976 24131477 0 0 0 0 0 0 0 
sad.1.sm_70.ptx 1923 : 1724976 22820213 0 0 0 0 0 0 0 
sad.1.sm_70.ptx 1924 : 1724976 18179816 0 0 0 0 0 0 0 
sad.1.sm_70.ptx 1925 : 1724976 163729817 0 0 0 0 0 0 0 
sad.1.sm_70.ptx 1926 : 1724976 17485101 0 0 0 0 0 0 0 
sad.1.sm_70.ptx 1927 : 1724976 21794951 0 0 0 0 0 0 0 
sad.1.sm_70.ptx 1928 : 1724976 231453719 0 0 0 57024 57024 0 0 
sad.1.sm_70.ptx 1929 : 1724976 22683119 0 0 0 0 0 0 0 
sad.1.sm_70.ptx 1930 : 1724976 17882215 0 0 0 0 0 0 0 
sad.1.sm_70.ptx 1931 : 1724976 29976871 0 0 0 0 0 0 0 
sad.1.sm_70.ptx 1932 : 1724976 151632025 0 0 0 0 0 0 0 
sad.1.sm_70.ptx 1933 : 1724976 17686237 0 0 0 0 0 0 0 
sad.1.sm_70.ptx 1934 : 1724976 22397695 0 0 0 0 0 0 0 
sad.1.sm_70.ptx 1935 : 1724976 164921270 0 0 0 57024 57024 0 0 
sad.1.sm_70.ptx 1936 : 1724976 23118751 0 0 0 0 0 0 0 
sad.1.sm_70.ptx 1937 : 1724976 18064670 0 0 0 0 0 0 0 
sad.1.sm_70.ptx 1938 : 1724976 31028125 0 0 0 0 0 0 0 
sad.1.sm_70.ptx 1939 : 1724976 150554732 0 0 0 0 0 0 0 
sad.1.sm_70.ptx 1940 : 1724976 24508118 0 0 0 0 0 0 0 
sad.1.sm_70.ptx 1941 : 1724976 153163066 0 0 0 57024 57024 0 0 
sad.1.sm_70.ptx 1942 : 1724976 23146043 0 0 0 0 0 0 0 
sad.1.sm_70.ptx 1943 : 1724976 18291207 0 0 0 0 0 0 0 
sad.1.sm_70.ptx 1944 : 1724976 31441676 0 0 0 0 0 0 0 
sad.1.sm_70.ptx 1945 : 1724976 145858495 0 0 0 0 0 0 0 
sad.1.sm_70.ptx 1946 : 1724976 25026414 0 0 0 0 0 0 0 
sad.1.sm_70.ptx 1947 : 1724976 158217132 0 0 0 57024 57024 0 0 
sad.1.sm_70.ptx 1948 : 1724976 23132003 0 0 0 0 0 0 0 
sad.1.sm_70.ptx 1949 : 1724976 18388899 0 0 0 0 0 0 0 
sad.1.sm_70.ptx 1950 : 1724976 24382065 0 0 0 0 0 0 0 
sad.1.sm_70.ptx 1951 : 1724976 18521272 0 0 0 0 0 0 0 
sad.1.sm_70.ptx 1953 : 1724976 174131771 0 0 0 1724976 57024 0 0 
sad.1.sm_70.ptx 1955 : 1724976 26119808 0 0 0 0 0 0 0 
sad.1.sm_70.ptx 1956 : 1724976 22454797 0 0 0 0 0 0 0 
sad.1.sm_70.ptx 1957 : 1724976 20269180 0 0 0 0 0 0 0 
sad.1.sm_70.ptx 1958 : 1724976 19273154 0 0 0 0 0 0 1584 
sad.1.sm_70.ptx 1962 : 96624 7992151 0 0 0 0 0 0 0 
sad.1.sm_70.ptx 1964 : 96624 807785 0 0 0 0 0 0 0 
sad.1.sm_70.ptx 1965 : 96624 717642 0 0 0 0 0 0 0 
sad.1.sm_70.ptx 1967 : 96624 11747996 0 0 0 0 0 0 0 
sad.2.sm_70.ptx 30 : 12672 65632 0 0 0 0 0 0 0 
sad.2.sm_70.ptx 31 : 12672 81952 0 0 0 0 0 0 0 
