kernel line : count latency dram_traffic smem_bk_conflicts smem_warp gmem_access_generated gmem_warp exposed_latency warp_divergence
stencil.1.sm_70.ptx 1336 : 2093 171322 0 0 0 0 0 0 0 
stencil.1.sm_70.ptx 1333 : 2093 173241 0 0 0 0 0 0 0 
stencil.1.sm_70.ptx 1330 : 2106 45231 0 0 0 0 0 0 0 
stencil.1.sm_70.ptx 1327 : 2106 44527 0 0 0 2106 2106 0 0 
stencil.1.sm_70.ptx 1325 : 2106 11578 0 0 0 0 0 0 0 
stencil.1.sm_70.ptx 1323 : 2106 44880 0 0 0 2106 2106 0 0 
stencil.1.sm_70.ptx 1321 : 2107 10796 0 0 0 0 0 0 0 
stencil.1.sm_70.ptx 1320 : 2107 20261 0 0 0 0 0 0 0 
stencil.1.sm_70.ptx 1319 : 2107 13104 0 0 0 0 0 0 0 
stencil.1.sm_70.ptx 1318 : 2107 11219 0 0 0 0 0 0 0 
stencil.1.sm_70.ptx 1317 : 2107 20090 0 0 0 0 0 0 0 
stencil.1.sm_70.ptx 1316 : 2107 21626 0 0 0 0 0 0 0 
stencil.1.sm_70.ptx 1315 : 2108 21216 0 0 0 0 0 0 0 
stencil.1.sm_70.ptx 1314 : 2108 12069 0 0 0 0 0 0 0 
stencil.1.sm_70.ptx 1313 : 2108 11187 0 0 0 0 0 0 0 
stencil.1.sm_70.ptx 1312 : 2108 10827 0 0 0 0 0 0 0 
stencil.1.sm_70.ptx 1230 : 2366 32953 0 0 0 0 0 0 0 
stencil.1.sm_70.ptx 1227 : 2366 32922 0 0 0 2366 2366 0 0 
stencil.1.sm_70.ptx 1225 : 2366 17571 0 0 0 0 0 0 0 
stencil.1.sm_70.ptx 1223 : 2366 32372 0 0 0 2366 2366 0 0 
stencil.1.sm_70.ptx 1221 : 2366 18684 0 0 0 0 0 0 0 
stencil.1.sm_70.ptx 1220 : 2366 25893 0 0 0 0 0 0 0 
stencil.1.sm_70.ptx 1219 : 2366 18787 0 0 0 0 0 0 0 
stencil.1.sm_70.ptx 1218 : 2366 18295 0 0 0 0 0 0 0 
stencil.1.sm_70.ptx 1217 : 2366 25403 0 0 0 0 0 0 0 
stencil.1.sm_70.ptx 1216 : 2366 30239 0 0 0 0 0 0 0 
stencil.1.sm_70.ptx 1215 : 2366 28988 0 0 0 0 0 0 0 
stencil.1.sm_70.ptx 1214 : 2366 15553 0 0 0 0 0 0 0 
stencil.1.sm_70.ptx 1213 : 2366 16039 0 0 0 0 0 0 0 
stencil.1.sm_70.ptx 1247 : 1204861 13272878 0 0 0 0 0 0 0 
stencil.1.sm_70.ptx 1200 : 1209314 8448161 0 0 0 0 0 0 0 
stencil.1.sm_70.ptx 1297 : 1153977 88863317 0 0 0 0 0 0 0 
stencil.1.sm_70.ptx 1246 : 1204861 9863746 0 0 0 0 0 0 0 
stencil.1.sm_70.ptx 1199 : 1209537 7499497 0 0 0 0 0 0 0 
stencil.1.sm_70.ptx 1245 : 1204861 9838356 0 0 0 0 0 0 0 
stencil.1.sm_70.ptx 1198 : 1209537 7549901 0 0 0 0 0 0 0 
stencil.1.sm_70.ptx 1295 : 1153977 25771319 0 0 0 0 0 0 0 
stencil.1.sm_70.ptx 1197 : 1209537 26733889 0 0 0 0 0 0 0 
stencil.1.sm_70.ptx 1243 : 1207170 14042 0 0 0 0 0 0 2309 
stencil.1.sm_70.ptx 1340 : 1075268 5627100 0 0 0 0 0 0 0 
stencil.1.sm_70.ptx 1196 : 1209537 19667452 0 0 0 0 0 0 0 
stencil.1.sm_70.ptx 1242 : 1207202 8881272 0 0 0 0 0 0 0 
stencil.1.sm_70.ptx 1195 : 1209537 19894447 0 0 0 0 0 0 0 
stencil.1.sm_70.ptx 1194 : 1209537 20200999 0 0 0 0 0 0 0 
stencil.1.sm_70.ptx 1291 : 1151817 94442386 0 0 0 144532 36133 0 0 
stencil.1.sm_70.ptx 1193 : 1209537 20463201 0 0 0 0 0 0 0 
stencil.1.sm_70.ptx 1192 : 1209537 19757019 0 0 0 0 0 0 0 
stencil.1.sm_70.ptx 1289 : 1151849 8327686 0 0 0 0 0 0 0 
stencil.1.sm_70.ptx 1191 : 1209537 18913363 0 0 0 0 0 0 0 
stencil.1.sm_70.ptx 1288 : 1151849 24661142 0 0 0 0 0 0 0 
stencil.1.sm_70.ptx 1248 : 1204861 13436360 0 0 0 0 0 0 0 
stencil.1.sm_70.ptx 1201 : 1209314 8230482 0 0 0 0 0 0 0 
stencil.1.sm_70.ptx 1249 : 1204830 15075980 0 0 0 0 0 0 0 
stencil.1.sm_70.ptx 1202 : 1209314 8332508 0 0 0 0 0 0 0 
stencil.1.sm_70.ptx 1299 : 1142357 23189331 0 0 0 0 0 0 0 
stencil.1.sm_70.ptx 1250 : 1204830 14020940 0 0 0 0 0 0 0 
stencil.1.sm_70.ptx 1203 : 1209250 14678320 0 0 0 0 0 0 0 
stencil.1.sm_70.ptx 1300 : 1142325 9325129 0 0 0 0 0 0 0 
stencil.1.sm_70.ptx 1251 : 1204766 12799588 0 0 0 0 0 0 0 
stencil.1.sm_70.ptx 1204 : 1209250 10286652 0 0 0 0 0 0 0 
stencil.1.sm_70.ptx 1252 : 1204703 12519128 0 0 0 0 0 0 0 
stencil.1.sm_70.ptx 1205 : 1209250 10684192 0 0 0 0 0 0 0 
stencil.1.sm_70.ptx 1302 : 1142325 264846748 0 0 0 0 0 0 0 
stencil.1.sm_70.ptx 1253 : 1204703 14035657 0 0 0 0 0 0 0 
stencil.1.sm_70.ptx 1206 : 1209186 13850502 0 0 0 0 0 0 0 
stencil.1.sm_70.ptx 1254 : 1204383 14940645 0 0 0 0 0 0 0 
stencil.1.sm_70.ptx 1207 : 1209186 10353631 0 0 0 0 0 0 0 
stencil.1.sm_70.ptx 1208 : 1209090 13536300 0 0 0 0 0 0 0 
stencil.1.sm_70.ptx 1305 : 1142325 264958288 0 0 0 0 0 0 0 
stencil.1.sm_70.ptx 1209 : 1209026 9380765 0 0 0 0 0 0 0 
stencil.1.sm_70.ptx 1210 : 1209026 8593518 0 0 0 0 0 0 2366 
stencil.1.sm_70.ptx 1307 : 1117985 19892047 0 0 0 0 0 0 0 
stencil.1.sm_70.ptx 1212 : 2366 16173 0 0 0 0 0 0 0 
stencil.1.sm_70.ptx 1309 : 2108 11368 0 0 0 0 0 0 0 
stencil.1.sm_70.ptx 1255 : 1204159 15499951 0 0 0 0 0 0 0 
stencil.1.sm_70.ptx 1256 : 1204031 14515782 0 0 0 0 0 0 0 
stencil.1.sm_70.ptx 1257 : 1203935 1772119565 1044480 0 0 151076 37769 0 0 
stencil.1.sm_70.ptx 1258 : 1203935 2655809774 4789824 0 0 151076 37769 0 0 
stencil.1.sm_70.ptx 1232 : 2344 13180 0 0 0 0 0 0 0 
stencil.1.sm_70.ptx 1233 : 2343 12320 0 0 0 0 0 0 0 
stencil.1.sm_70.ptx 1235 : 2343 175816 0 0 0 0 0 0 0 
stencil.1.sm_70.ptx 1238 : 2343 176833 0 0 0 0 0 0 0 
stencil.1.sm_70.ptx 1259 : 1192680 11521357 0 0 0 0 0 0 0 
stencil.1.sm_70.ptx 1260 : 1192648 11841211 0 0 0 0 0 0 0 
stencil.1.sm_70.ptx 1261 : 1192488 11457528 0 0 0 0 0 0 0 
stencil.1.sm_70.ptx 1262 : 1192456 11621060 0 0 0 0 0 0 0 
stencil.1.sm_70.ptx 1263 : 1192361 11676084 0 0 0 0 0 0 0 
stencil.1.sm_70.ptx 1264 : 1192297 12757147 0 0 0 0 0 0 0 
stencil.1.sm_70.ptx 1265 : 1192169 11392057 0 0 0 0 0 0 0 
stencil.1.sm_70.ptx 1266 : 1192169 11446603 0 0 0 0 0 0 0 
stencil.1.sm_70.ptx 1267 : 1192009 1975470757 1041536 0 0 149580 37395 0 0 
stencil.1.sm_70.ptx 1268 : 1184627 12318659 0 0 0 0 0 0 0 
stencil.1.sm_70.ptx 1269 : 1184627 13685881 0 0 0 0 0 0 0 
stencil.1.sm_70.ptx 1270 : 1184563 12683596 0 0 0 0 0 0 0 
stencil.1.sm_70.ptx 1271 : 1184531 12135782 0 0 0 0 0 0 0 
stencil.1.sm_70.ptx 1272 : 1184499 1604030065 14688 0 0 148636 37159 0 0 
stencil.1.sm_70.ptx 1273 : 1176134 13688868 0 0 0 0 0 0 0 
stencil.1.sm_70.ptx 1274 : 1176134 14392958 0 0 0 0 0 0 0 
stencil.1.sm_70.ptx 1275 : 1176072 16099845 0 0 0 0 0 0 0 
stencil.1.sm_70.ptx 1276 : 1176008 14024842 0 0 0 0 0 0 0 
stencil.1.sm_70.ptx 1277 : 1175976 13667308 0 0 0 0 0 0 0 
stencil.1.sm_70.ptx 1278 : 1175913 1894440908 0 0 0 182147 36889 0 0 
stencil.1.sm_70.ptx 1279 : 1165981 17297994 0 0 0 0 0 0 0 
stencil.1.sm_70.ptx 1280 : 1165950 1491647800 6688 0 0 180669 36576 0 0 
stencil.1.sm_70.ptx 1281 : 1159307 19574232 0 0 0 0 0 0 0 
stencil.1.sm_70.ptx 1282 : 1159117 15097555 0 0 0 0 0 0 0 
stencil.1.sm_70.ptx 1283 : 1159086 1403387296 0 0 0 145444 36361 0 0 
stencil.1.sm_70.ptx 1284 : 1152040 20345001 0 0 0 0 0 0 0 
stencil.1.sm_70.ptx 1285 : 1151912 15343913 0 0 0 0 0 0 0 
stencil.1.sm_70.ptx 1286 : 1151881 19593095 0 0 0 0 0 0 0 
stencil.1.sm_70.ptx 1287 : 1151849 94495764 0 0 0 144536 36134 0 0 
stencil.1.sm_70.ptx 1308 : 1077188 5842932 0 0 0 0 0 0 2108 
