kernel line : count latency dram_traffic smem_bk_conflicts smem_warp gmem_access_generated gmem_warp exposed_latency warp_divergence
main.1.sm_70.ptx 1712 : 3072 15360 0 0 0 0 0 0 0 
main.1.sm_70.ptx 1708 : 3072 415648 0 0 0 0 0 0 0 
main.1.sm_70.ptx 1705 : 3072 420736 0 0 0 3072 96 0 0 
main.1.sm_70.ptx 1703 : 3072 27648 0 0 0 0 0 0 0 
main.1.sm_70.ptx 1702 : 3072 340704 0 0 0 3072 96 0 0 
main.1.sm_70.ptx 1700 : 3072 499520 0 0 0 0 0 0 0 
main.1.sm_70.ptx 1697 : 3072 508896 0 0 0 3072 96 0 0 
main.1.sm_70.ptx 1695 : 3072 27904 0 0 0 0 0 0 0 
main.1.sm_70.ptx 1694 : 3072 419840 0 0 0 3072 96 0 0 
main.1.sm_70.ptx 1692 : 3072 554912 0 0 0 0 0 0 0 
main.1.sm_70.ptx 1689 : 3072 554976 0 0 0 3072 96 0 0 
main.1.sm_70.ptx 1687 : 3072 29696 0 0 0 0 0 0 0 
main.1.sm_70.ptx 1686 : 3072 477920 0 0 0 3072 96 0 0 
main.1.sm_70.ptx 1684 : 3072 591232 0 0 0 0 0 0 0 
main.1.sm_70.ptx 1681 : 3072 596544 0 0 0 3072 96 0 0 
main.1.sm_70.ptx 1679 : 3072 27648 0 0 0 0 0 0 0 
main.1.sm_70.ptx 1678 : 3072 498688 0 0 0 3072 96 0 0 
main.1.sm_70.ptx 1676 : 3072 549120 0 0 0 0 0 0 0 
main.1.sm_70.ptx 1673 : 3072 562816 0 0 0 3072 96 0 0 
main.1.sm_70.ptx 1671 : 3072 28672 0 0 0 0 0 0 0 
main.1.sm_70.ptx 1670 : 3072 473184 0 0 0 3072 96 0 0 
main.1.sm_70.ptx 1668 : 3072 537536 0 0 0 0 0 0 0 
main.1.sm_70.ptx 1665 : 3072 552160 0 0 0 3072 96 0 0 
main.1.sm_70.ptx 1663 : 3072 29856 0 0 0 0 0 0 0 
main.1.sm_70.ptx 1662 : 3072 455424 0 0 0 3072 96 0 0 
main.1.sm_70.ptx 1660 : 3072 471392 0 0 0 0 0 0 0 
main.1.sm_70.ptx 1657 : 3072 481856 0 0 0 3072 96 0 0 
main.1.sm_70.ptx 1655 : 3072 28320 0 0 0 0 0 0 0 
main.1.sm_70.ptx 1654 : 3072 400064 0 0 0 3072 96 0 0 
main.1.sm_70.ptx 1652 : 3072 367040 0 0 0 0 0 0 0 
main.1.sm_70.ptx 1649 : 3072 368064 0 0 0 3072 96 0 0 
main.1.sm_70.ptx 1647 : 3072 27840 0 0 0 0 0 0 0 
main.1.sm_70.ptx 1646 : 3072 280544 0 0 0 3072 96 0 0 
main.1.sm_70.ptx 1644 : 3072 264288 0 0 0 0 0 0 0 
main.1.sm_70.ptx 1641 : 3072 259072 0 0 0 3072 96 0 0 
main.1.sm_70.ptx 1639 : 3072 27648 0 0 0 0 0 0 0 
main.1.sm_70.ptx 1638 : 3072 27648 0 0 0 0 0 0 0 
main.1.sm_70.ptx 1637 : 3072 200608 0 0 0 3072 96 0 0 
main.1.sm_70.ptx 1636 : 3072 27648 0 0 0 0 0 0 0 
main.1.sm_70.ptx 1635 : 3072 27648 0 0 0 0 0 0 0 
main.1.sm_70.ptx 1634 : 3072 83168 0 0 0 0 0 0 0 
main.1.sm_70.ptx 1633 : 3072 18432 0 0 0 0 0 0 0 
main.1.sm_70.ptx 1632 : 3072 145888 0 0 0 0 0 0 0 
main.1.sm_70.ptx 1631 : 3072 30720 0 0 0 0 0 0 0 
main.1.sm_70.ptx 1630 : 3072 15360 0 0 0 0 0 0 0 
main.1.sm_70.ptx 1629 : 3072 15360 0 0 0 0 0 0 0 
main.1.sm_70.ptx 1627 : 3072 0 0 0 0 0 0 0 0 
main.1.sm_70.ptx 1626 : 3072 18432 0 0 0 0 0 0 0 
main.1.sm_70.ptx 1625 : 3072 1232768 0 0 0 3072 96 0 0 
main.1.sm_70.ptx 1624 : 3072 18432 0 0 0 0 0 0 0 
main.1.sm_70.ptx 1623 : 3072 73792 0 0 0 0 0 0 0 
main.1.sm_70.ptx 1621 : 3072 0 0 0 0 0 0 0 0 
main.1.sm_70.ptx 1620 : 3072 18432 0 0 0 0 0 0 0 
main.1.sm_70.ptx 1619 : 3072 76224 0 0 0 0 0 0 0 
main.1.sm_70.ptx 1617 : 49152 243744 0 0 0 0 0 0 0 
main.1.sm_70.ptx 1616 : 49152 299040 0 0 0 0 0 0 0 
main.1.sm_70.ptx 1615 : 49152 466560 0 0 0 0 0 0 0 
main.1.sm_70.ptx 1612 : 3072 29034 0 0 0 0 0 0 0 
main.1.sm_70.ptx 1611 : 3072 28848 0 0 0 0 0 0 0 
main.1.sm_70.ptx 1610 : 3072 28782 0 0 0 0 0 0 0 
main.1.sm_70.ptx 1609 : 3072 28650 0 0 0 0 0 0 0 
main.1.sm_70.ptx 1608 : 3072 28380 0 0 0 0 0 0 0 
main.1.sm_70.ptx 1607 : 3072 28188 0 0 0 0 0 0 0 
main.1.sm_70.ptx 1606 : 3072 28050 0 0 0 0 0 0 0 
main.1.sm_70.ptx 1605 : 3072 27816 0 0 0 0 0 0 0 
main.1.sm_70.ptx 1603 : 49152 238230 0 0 0 0 0 0 1536 
main.1.sm_70.ptx 1602 : 49152 300384 0 0 0 0 0 0 0 
main.1.sm_70.ptx 1601 : 49152 302688 0 0 0 0 0 0 0 
main.1.sm_70.ptx 1600 : 49152 1281024 0 0 0 0 0 0 0 
main.1.sm_70.ptx 1599 : 49152 263616 0 0 0 0 0 0 0 
main.1.sm_70.ptx 1598 : 49152 299616 0 0 0 0 0 0 0 
main.1.sm_70.ptx 1597 : 49152 1284672 0 0 0 0 0 0 0 
main.1.sm_70.ptx 1596 : 49152 259008 0 0 0 0 0 0 0 
main.1.sm_70.ptx 1595 : 49152 309024 0 0 0 0 0 0 0 
main.1.sm_70.ptx 1594 : 49152 1279488 0 0 0 0 0 0 0 
main.1.sm_70.ptx 1593 : 49152 257664 0 0 0 0 0 0 0 
main.1.sm_70.ptx 1592 : 49152 296544 0 0 0 0 0 0 0 
main.1.sm_70.ptx 1591 : 49152 1282176 0 0 0 0 0 0 0 
main.1.sm_70.ptx 1590 : 49152 254976 0 0 0 0 0 0 0 
main.1.sm_70.ptx 1589 : 49152 299616 0 0 0 0 0 0 0 
main.1.sm_70.ptx 1588 : 49152 1279200 0 0 0 0 0 0 0 
main.1.sm_70.ptx 1587 : 49152 254592 0 0 0 0 0 0 0 
main.1.sm_70.ptx 1586 : 49152 296064 0 0 0 0 0 0 0 
main.1.sm_70.ptx 1585 : 49152 1283616 0 0 0 0 0 0 0 
main.1.sm_70.ptx 1584 : 49152 253248 0 0 0 0 0 0 0 
main.1.sm_70.ptx 1583 : 49152 302880 0 0 0 0 0 0 0 
main.1.sm_70.ptx 1582 : 49152 1278528 0 0 0 0 0 0 0 
main.1.sm_70.ptx 1581 : 49152 254016 0 0 0 0 0 0 0 
main.1.sm_70.ptx 1580 : 49152 296064 0 0 0 0 0 0 0 
main.1.sm_70.ptx 1579 : 49152 1281696 0 0 0 0 0 0 0 
main.1.sm_70.ptx 1578 : 49152 255072 0 0 0 0 0 0 0 
main.1.sm_70.ptx 1577 : 49152 443232 0 0 0 0 0 0 0 
main.1.sm_70.ptx 1576 : 49152 296064 0 0 0 0 0 0 0 
main.1.sm_70.ptx 1575 : 49152 1282656 0 0 0 0 0 0 0 
main.1.sm_70.ptx 1574 : 49152 253824 0 0 0 0 0 0 0 
main.1.sm_70.ptx 1573 : 49152 442560 0 0 0 0 0 0 0 
main.1.sm_70.ptx 1572 : 49152 295584 0 0 0 0 0 0 0 
main.1.sm_70.ptx 1571 : 49152 1281696 0 0 0 0 0 0 0 
main.1.sm_70.ptx 1570 : 49152 254304 0 0 0 0 0 0 0 
main.1.sm_70.ptx 1569 : 49152 443040 0 0 0 0 0 0 0 
main.1.sm_70.ptx 1568 : 49152 295392 0 0 0 0 0 0 0 
main.1.sm_70.ptx 1567 : 49152 1283232 0 0 0 0 0 0 0 
main.1.sm_70.ptx 1566 : 49152 252672 0 0 0 0 0 0 0 
main.1.sm_70.ptx 1565 : 49152 442752 0 0 0 0 0 0 0 
main.1.sm_70.ptx 1564 : 49152 295776 0 0 0 0 0 0 0 
main.1.sm_70.ptx 1563 : 49152 1282176 0 0 0 0 0 0 0 
main.1.sm_70.ptx 1562 : 49152 253632 0 0 0 0 0 0 0 
main.1.sm_70.ptx 1561 : 49152 442656 0 0 0 0 0 0 0 
main.1.sm_70.ptx 1560 : 49152 295200 0 0 0 0 0 0 0 
main.1.sm_70.ptx 1559 : 49152 1282848 0 0 0 0 0 0 0 
main.1.sm_70.ptx 1558 : 49152 252864 0 0 0 0 0 0 0 
main.1.sm_70.ptx 1557 : 49152 442848 0 0 0 0 0 0 0 
main.1.sm_70.ptx 1556 : 49152 295776 0 0 0 0 0 0 0 
main.1.sm_70.ptx 1555 : 49152 1280928 0 0 0 0 0 0 0 
main.1.sm_70.ptx 1554 : 49152 255840 0 0 0 0 0 0 0 
main.1.sm_70.ptx 1553 : 49152 442752 0 0 0 0 0 0 0 
main.1.sm_70.ptx 1552 : 49152 295872 0 0 0 0 0 0 0 
main.1.sm_70.ptx 1551 : 49152 1283136 0 0 0 0 0 0 0 
main.1.sm_70.ptx 1550 : 49152 256800 0 0 0 0 0 0 0 
main.1.sm_70.ptx 1549 : 49152 443808 0 0 0 0 0 0 0 
main.1.sm_70.ptx 1548 : 49152 295968 0 0 0 0 0 0 0 
main.1.sm_70.ptx 1547 : 49152 1281024 0 0 0 0 0 0 0 
main.1.sm_70.ptx 1546 : 49152 255648 0 0 0 0 0 0 0 
main.1.sm_70.ptx 1545 : 49152 443136 0 0 0 0 0 0 0 
main.1.sm_70.ptx 1544 : 49152 295488 0 0 0 0 0 0 0 
main.1.sm_70.ptx 1543 : 49152 443040 0 0 0 0 0 0 0 
main.1.sm_70.ptx 1542 : 49152 295392 0 0 0 0 0 0 0 
main.1.sm_70.ptx 1541 : 49152 443040 0 0 0 0 0 0 0 
main.1.sm_70.ptx 1540 : 49152 295680 0 0 0 0 0 0 0 
main.1.sm_70.ptx 1539 : 49152 442848 0 0 0 0 0 0 0 
main.1.sm_70.ptx 1538 : 49152 295296 0 0 0 0 0 0 0 
main.1.sm_70.ptx 1537 : 49152 443328 0 0 0 0 0 0 0 
main.1.sm_70.ptx 1536 : 49152 295488 0 0 0 0 0 0 0 
main.1.sm_70.ptx 1535 : 49152 443136 0 0 0 0 0 0 0 
main.1.sm_70.ptx 1534 : 49152 295776 0 0 0 0 0 0 0 
main.1.sm_70.ptx 1533 : 49152 442752 0 0 0 0 0 0 0 
main.1.sm_70.ptx 1532 : 49152 295200 0 0 0 0 0 0 0 
main.1.sm_70.ptx 1531 : 49152 442752 0 0 0 0 0 0 0 
main.1.sm_70.ptx 1530 : 49152 295584 0 0 0 0 0 0 0 
main.1.sm_70.ptx 1529 : 49152 442752 0 0 0 0 0 0 0 
main.1.sm_70.ptx 1528 : 49152 295968 0 0 0 0 0 0 0 
main.1.sm_70.ptx 1527 : 49152 442752 0 0 0 0 0 0 0 
main.1.sm_70.ptx 1526 : 49152 295584 0 0 0 0 0 0 0 
main.1.sm_70.ptx 1525 : 49152 442560 0 0 0 0 0 0 0 
main.1.sm_70.ptx 1524 : 49152 295584 0 0 0 0 0 0 0 
main.1.sm_70.ptx 1523 : 49152 442560 0 0 0 0 0 0 0 
main.1.sm_70.ptx 1522 : 49152 295680 0 0 0 0 0 0 0 
main.1.sm_70.ptx 1521 : 49152 442944 0 0 0 0 0 0 0 
main.1.sm_70.ptx 1520 : 49152 295488 0 0 0 0 0 0 0 
main.1.sm_70.ptx 1519 : 49152 442560 0 0 0 0 0 0 0 
main.1.sm_70.ptx 1518 : 49152 295392 0 0 0 0 0 0 0 
main.1.sm_70.ptx 1517 : 49152 442560 0 0 0 0 0 0 0 
main.1.sm_70.ptx 1516 : 49152 295008 0 0 0 0 0 0 0 
main.1.sm_70.ptx 1515 : 49152 442944 0 0 0 0 0 0 0 
main.1.sm_70.ptx 1514 : 49152 295296 0 0 0 0 0 0 0 
main.1.sm_70.ptx 1513 : 49152 443136 0 0 0 0 0 0 0 
main.1.sm_70.ptx 1512 : 49152 295392 0 0 0 0 0 0 0 
main.1.sm_70.ptx 1511 : 49152 442944 0 0 0 0 0 0 0 
main.1.sm_70.ptx 1510 : 49152 295776 0 0 0 0 0 0 0 
main.1.sm_70.ptx 1509 : 49152 442752 0 0 0 0 0 0 0 
main.1.sm_70.ptx 1508 : 49152 295776 0 0 0 0 0 0 0 
main.1.sm_70.ptx 1507 : 49152 442848 0 0 0 0 0 0 0 
main.1.sm_70.ptx 1506 : 49152 295200 0 0 0 0 0 0 0 
main.1.sm_70.ptx 1505 : 49152 442848 0 0 0 0 0 0 0 
main.1.sm_70.ptx 1504 : 49152 295968 0 0 0 0 0 0 0 
main.1.sm_70.ptx 1503 : 49152 442944 0 0 0 0 0 0 0 
main.1.sm_70.ptx 1502 : 49152 295488 0 0 0 0 0 0 0 
main.1.sm_70.ptx 1501 : 49152 442848 0 0 0 0 0 0 0 
main.1.sm_70.ptx 1500 : 49152 295680 0 0 0 0 0 0 0 
main.1.sm_70.ptx 1499 : 49152 442944 0 0 0 0 0 0 0 
main.1.sm_70.ptx 1498 : 49152 295200 0 0 0 0 0 0 0 
main.1.sm_70.ptx 1497 : 49152 442560 0 0 0 0 0 0 0 
main.1.sm_70.ptx 1496 : 49152 296064 0 0 0 0 0 0 0 
main.1.sm_70.ptx 1495 : 49152 442944 0 0 0 0 0 0 0 
main.1.sm_70.ptx 1494 : 49152 295488 0 0 0 0 0 0 0 
main.1.sm_70.ptx 1493 : 49152 443232 0 0 0 0 0 0 0 
main.1.sm_70.ptx 1492 : 49152 295488 0 0 0 0 0 0 0 
main.1.sm_70.ptx 1491 : 49152 443136 0 0 0 0 0 0 0 
main.1.sm_70.ptx 1490 : 49152 295776 0 0 0 0 0 0 0 
main.1.sm_70.ptx 1489 : 49152 442560 0 0 0 0 0 0 0 
main.1.sm_70.ptx 1488 : 49152 295392 0 0 0 0 0 0 0 
main.1.sm_70.ptx 1487 : 49152 442848 0 0 0 0 0 0 0 
main.1.sm_70.ptx 1486 : 49152 295776 0 0 0 0 0 0 0 
main.1.sm_70.ptx 1485 : 49152 443136 0 0 0 0 0 0 0 
main.1.sm_70.ptx 1484 : 49152 295680 0 0 0 0 0 0 0 
main.1.sm_70.ptx 1483 : 49152 443040 0 0 0 0 0 0 0 
main.1.sm_70.ptx 1482 : 49152 296160 0 0 0 0 0 0 0 
main.1.sm_70.ptx 1481 : 49152 251520 0 0 0 0 0 0 0 
main.1.sm_70.ptx 1480 : 49152 252192 0 0 0 0 0 0 0 
main.1.sm_70.ptx 1060 : 49152 248544 0 0 0 0 0 0 0 
main.1.sm_70.ptx 1059 : 3145728 15788640 0 0 0 0 0 0 0 
main.1.sm_70.ptx 1058 : 3145728 18931008 0 0 0 0 0 0 0 
main.1.sm_70.ptx 1057 : 3145728 28370208 0 0 0 0 0 0 0 
main.1.sm_70.ptx 1056 : 3145728 18937632 0 0 0 0 0 0 0 
main.1.sm_70.ptx 1052 : 3145728 28356384 0 0 0 0 0 0 0 
main.1.sm_70.ptx 1051 : 3145728 18922656 0 0 0 0 0 0 0 
main.1.sm_70.ptx 1050 : 3145728 25888992 0 0 0 0 0 0 0 
main.1.sm_70.ptx 1049 : 3145728 18928800 0 0 0 0 0 0 0 
main.1.sm_70.ptx 1048 : 3145728 19137696 0 0 0 0 0 0 0 
main.1.sm_70.ptx 1043 : 3145728 28358112 0 0 0 0 0 0 0 
main.1.sm_70.ptx 1042 : 3145728 19027008 0 0 0 0 0 0 0 
main.1.sm_70.ptx 1041 : 3145728 18933600 0 0 0 0 0 0 0 
main.1.sm_70.ptx 1037 : 3145728 28382400 0 0 0 0 0 0 0 
main.1.sm_70.ptx 1036 : 3145728 18925824 0 0 0 0 0 0 0 
main.1.sm_70.ptx 1035 : 3145728 25928256 0 0 0 0 0 0 0 
main.1.sm_70.ptx 1034 : 3145728 18944256 0 0 0 0 0 0 0 
main.1.sm_70.ptx 1033 : 3145728 19181760 0 0 0 0 0 0 0 
main.1.sm_70.ptx 1028 : 3145728 31518144 0 0 0 0 0 0 0 
main.1.sm_70.ptx 1027 : 3145728 18940512 0 0 0 0 0 0 0 
main.1.sm_70.ptx 1023 : 3145728 28371552 0 0 0 0 0 0 0 
main.1.sm_70.ptx 1022 : 3145728 18952800 0 0 0 0 0 0 0 
main.1.sm_70.ptx 1021 : 3145728 26042208 0 0 0 0 0 0 0 
main.1.sm_70.ptx 1020 : 3145728 18951744 0 0 0 0 0 0 0 
main.1.sm_70.ptx 1019 : 3145728 18971808 0 0 0 0 0 0 0 
main.1.sm_70.ptx 1014 : 3145728 16498272 0 0 0 0 0 0 0 
main.1.sm_70.ptx 1010 : 3145728 28365696 0 0 0 0 0 0 0 
main.1.sm_70.ptx 1009 : 3145728 18925728 0 0 0 0 0 0 0 
main.1.sm_70.ptx 1008 : 3145728 25918080 0 0 0 0 0 0 0 
main.1.sm_70.ptx 451 : 49152 297408 0 0 0 0 0 0 0 
main.1.sm_70.ptx 441 : 49152 304320 0 0 0 0 0 0 0 
main.1.sm_70.ptx 440 : 49152 495648 0 0 0 0 0 0 0 
main.1.sm_70.ptx 439 : 49152 303840 0 0 0 0 0 0 0 
main.1.sm_70.ptx 438 : 49152 303936 0 0 0 0 0 0 0 
main.1.sm_70.ptx 437 : 49152 445728 0 0 0 0 0 0 0 
main.1.sm_70.ptx 436 : 49152 298080 0 0 0 0 0 0 0 
main.1.sm_70.ptx 435 : 49152 495072 0 0 0 0 0 0 0 
main.1.sm_70.ptx 434 : 49152 298272 0 0 0 0 0 0 0 
main.1.sm_70.ptx 433 : 49152 297216 0 0 0 0 0 0 0 
main.1.sm_70.ptx 432 : 49152 296352 0 0 0 0 0 0 0 
main.1.sm_70.ptx 431 : 49152 298464 0 0 0 0 0 0 0 
main.1.sm_70.ptx 430 : 49152 298080 0 0 0 0 0 0 0 
main.1.sm_70.ptx 429 : 49152 304800 0 0 0 0 0 0 0 
main.1.sm_70.ptx 428 : 49152 444768 0 0 0 0 0 0 0 
main.1.sm_70.ptx 427 : 49152 301440 0 0 0 0 0 0 0 
main.1.sm_70.ptx 426 : 49152 494496 0 0 0 0 0 0 0 
main.1.sm_70.ptx 425 : 49152 301920 0 0 0 0 0 0 0 
main.1.sm_70.ptx 424 : 49152 305088 0 0 0 0 0 0 0 
main.1.sm_70.ptx 423 : 49152 495552 0 0 0 0 0 0 0 
main.1.sm_70.ptx 422 : 49152 301728 0 0 0 0 0 0 0 
main.1.sm_70.ptx 421 : 49152 305088 0 0 0 0 0 0 0 
main.1.sm_70.ptx 420 : 49152 447360 0 0 0 0 0 0 0 
main.1.sm_70.ptx 419 : 49152 298176 0 0 0 0 0 0 0 
main.1.sm_70.ptx 418 : 49152 494784 0 0 0 0 0 0 0 
main.1.sm_70.ptx 417 : 49152 298848 0 0 0 0 0 0 0 
main.1.sm_70.ptx 416 : 49152 296448 0 0 0 0 0 0 0 
main.1.sm_70.ptx 415 : 49152 297408 0 0 0 0 0 0 0 
main.1.sm_70.ptx 414 : 49152 298176 0 0 0 0 0 0 0 
main.1.sm_70.ptx 413 : 49152 297696 0 0 0 0 0 0 0 
main.1.sm_70.ptx 412 : 49152 303168 0 0 0 0 0 0 0 
main.1.sm_70.ptx 411 : 49152 445056 0 0 0 0 0 0 0 
main.1.sm_70.ptx 410 : 49152 300960 0 0 0 0 0 0 0 
main.1.sm_70.ptx 409 : 49152 494976 0 0 0 0 0 0 0 
main.1.sm_70.ptx 408 : 49152 302976 0 0 0 0 0 0 0 
main.1.sm_70.ptx 407 : 49152 305280 0 0 0 0 0 0 0 
main.1.sm_70.ptx 406 : 49152 495648 0 0 0 0 0 0 0 
main.1.sm_70.ptx 405 : 49152 301728 0 0 0 0 0 0 0 
main.1.sm_70.ptx 404 : 49152 303744 0 0 0 0 0 0 0 
main.1.sm_70.ptx 403 : 49152 446304 0 0 0 0 0 0 0 
main.1.sm_70.ptx 402 : 49152 298944 0 0 0 0 0 0 0 
main.1.sm_70.ptx 401 : 49152 495072 0 0 0 0 0 0 0 
main.1.sm_70.ptx 400 : 49152 297312 0 0 0 0 0 0 0 
main.1.sm_70.ptx 399 : 49152 296544 0 0 0 0 0 0 0 
main.1.sm_70.ptx 398 : 49152 298272 0 0 0 0 0 0 0 
main.1.sm_70.ptx 397 : 49152 298752 0 0 0 0 0 0 0 
main.1.sm_70.ptx 396 : 49152 298656 0 0 0 0 0 0 0 
main.1.sm_70.ptx 395 : 49152 301440 0 0 0 0 0 0 0 
main.1.sm_70.ptx 394 : 49152 445632 0 0 0 0 0 0 0 
main.1.sm_70.ptx 393 : 49152 301152 0 0 0 0 0 0 0 
main.1.sm_70.ptx 392 : 49152 494880 0 0 0 0 0 0 0 
main.1.sm_70.ptx 391 : 49152 302688 0 0 0 0 0 0 0 
main.1.sm_70.ptx 390 : 49152 305952 0 0 0 0 0 0 0 
main.1.sm_70.ptx 389 : 49152 494400 0 0 0 0 0 0 0 
main.1.sm_70.ptx 388 : 49152 301056 0 0 0 0 0 0 0 
main.1.sm_70.ptx 387 : 49152 304512 0 0 0 0 0 0 0 
main.1.sm_70.ptx 386 : 49152 445536 0 0 0 0 0 0 0 
main.1.sm_70.ptx 385 : 49152 298080 0 0 0 0 0 0 0 
main.1.sm_70.ptx 384 : 49152 494880 0 0 0 0 0 0 0 
main.1.sm_70.ptx 383 : 49152 297408 0 0 0 0 0 0 0 
main.1.sm_70.ptx 382 : 49152 297312 0 0 0 0 0 0 0 
main.1.sm_70.ptx 381 : 49152 297024 0 0 0 0 0 0 0 
main.1.sm_70.ptx 380 : 49152 297216 0 0 0 0 0 0 0 
main.1.sm_70.ptx 379 : 49152 298368 0 0 0 0 0 0 0 
main.1.sm_70.ptx 378 : 49152 302208 0 0 0 0 0 0 0 
main.1.sm_70.ptx 377 : 49152 444960 0 0 0 0 0 0 0 
main.1.sm_70.ptx 376 : 49152 300864 0 0 0 0 0 0 0 
main.1.sm_70.ptx 375 : 49152 494688 0 0 0 0 0 0 0 
main.1.sm_70.ptx 374 : 49152 301248 0 0 0 0 0 0 0 
main.1.sm_70.ptx 373 : 49152 304704 0 0 0 0 0 0 0 
main.1.sm_70.ptx 372 : 49152 495168 0 0 0 0 0 0 0 
main.1.sm_70.ptx 371 : 49152 302976 0 0 0 0 0 0 0 
main.1.sm_70.ptx 370 : 49152 304128 0 0 0 0 0 0 0 
main.1.sm_70.ptx 369 : 49152 446592 0 0 0 0 0 0 0 
main.1.sm_70.ptx 368 : 49152 297792 0 0 0 0 0 0 0 
main.1.sm_70.ptx 367 : 49152 495168 0 0 0 0 0 0 0 
main.1.sm_70.ptx 366 : 49152 297312 0 0 0 0 0 0 0 
main.1.sm_70.ptx 365 : 49152 297120 0 0 0 0 0 0 0 
main.1.sm_70.ptx 364 : 49152 297600 0 0 0 0 0 0 0 
main.1.sm_70.ptx 363 : 49152 298560 0 0 0 0 0 0 0 
main.1.sm_70.ptx 362 : 49152 299232 0 0 0 0 0 0 0 
main.1.sm_70.ptx 361 : 49152 302016 0 0 0 0 0 0 0 
main.1.sm_70.ptx 360 : 49152 444864 0 0 0 0 0 0 0 
main.1.sm_70.ptx 359 : 49152 300960 0 0 0 0 0 0 0 
main.1.sm_70.ptx 358 : 49152 494592 0 0 0 0 0 0 0 
main.1.sm_70.ptx 357 : 49152 302976 0 0 0 0 0 0 0 
main.1.sm_70.ptx 356 : 49152 304896 0 0 0 0 0 0 0 
main.1.sm_70.ptx 355 : 49152 496608 0 0 0 0 0 0 0 
main.1.sm_70.ptx 354 : 49152 302688 0 0 0 0 0 0 0 
main.1.sm_70.ptx 353 : 49152 304128 0 0 0 0 0 0 0 
main.1.sm_70.ptx 352 : 49152 445920 0 0 0 0 0 0 0 
main.1.sm_70.ptx 351 : 49152 298944 0 0 0 0 0 0 0 
main.1.sm_70.ptx 350 : 49152 494784 0 0 0 0 0 0 0 
main.1.sm_70.ptx 349 : 49152 297696 0 0 0 0 0 0 0 
main.1.sm_70.ptx 348 : 49152 297984 0 0 0 0 0 0 0 
main.1.sm_70.ptx 347 : 49152 297024 0 0 0 0 0 0 0 
main.1.sm_70.ptx 346 : 49152 298080 0 0 0 0 0 0 0 
main.1.sm_70.ptx 345 : 49152 299424 0 0 0 0 0 0 0 
main.1.sm_70.ptx 344 : 49152 302112 0 0 0 0 0 0 0 
main.1.sm_70.ptx 343 : 49152 445152 0 0 0 0 0 0 0 
main.1.sm_70.ptx 342 : 49152 302112 0 0 0 0 0 0 0 
main.1.sm_70.ptx 341 : 49152 494592 0 0 0 0 0 0 0 
main.1.sm_70.ptx 340 : 49152 303168 0 0 0 0 0 0 0 
main.1.sm_70.ptx 339 : 49152 304896 0 0 0 0 0 0 0 
main.1.sm_70.ptx 338 : 49152 494688 0 0 0 0 0 0 0 
main.1.sm_70.ptx 337 : 49152 303168 0 0 0 0 0 0 0 
main.1.sm_70.ptx 336 : 49152 303744 0 0 0 0 0 0 0 
main.1.sm_70.ptx 335 : 49152 446976 0 0 0 0 0 0 0 
main.1.sm_70.ptx 334 : 49152 298080 0 0 0 0 0 0 0 
main.1.sm_70.ptx 333 : 49152 494880 0 0 0 0 0 0 0 
main.1.sm_70.ptx 332 : 49152 298272 0 0 0 0 0 0 0 
main.1.sm_70.ptx 331 : 49152 296544 0 0 0 0 0 0 0 
main.1.sm_70.ptx 330 : 49152 297984 0 0 0 0 0 0 0 
main.1.sm_70.ptx 329 : 49152 298464 0 0 0 0 0 0 0 
main.1.sm_70.ptx 328 : 49152 297792 0 0 0 0 0 0 0 
main.1.sm_70.ptx 327 : 49152 304032 0 0 0 0 0 0 0 
main.1.sm_70.ptx 326 : 49152 445728 0 0 0 0 0 0 0 
main.1.sm_70.ptx 325 : 49152 301824 0 0 0 0 0 0 0 
main.1.sm_70.ptx 324 : 49152 495168 0 0 0 0 0 0 0 
main.1.sm_70.ptx 323 : 49152 301248 0 0 0 0 0 0 0 
main.1.sm_70.ptx 322 : 49152 304320 0 0 0 0 0 0 0 
main.1.sm_70.ptx 321 : 49152 495552 0 0 0 0 0 0 0 
main.1.sm_70.ptx 320 : 49152 302784 0 0 0 0 0 0 0 
main.1.sm_70.ptx 319 : 49152 304128 0 0 0 0 0 0 0 
main.1.sm_70.ptx 318 : 49152 447264 0 0 0 0 0 0 0 
main.1.sm_70.ptx 317 : 49152 299904 0 0 0 0 0 0 0 
main.1.sm_70.ptx 316 : 49152 494688 0 0 0 0 0 0 0 
main.1.sm_70.ptx 315 : 49152 297600 0 0 0 0 0 0 0 
main.1.sm_70.ptx 314 : 49152 297120 0 0 0 0 0 0 0 
main.1.sm_70.ptx 313 : 49152 297888 0 0 0 0 0 0 0 
main.1.sm_70.ptx 312 : 49152 298752 0 0 0 0 0 0 0 
main.1.sm_70.ptx 311 : 49152 297888 0 0 0 0 0 0 0 
main.1.sm_70.ptx 310 : 49152 303168 0 0 0 0 0 0 0 
main.1.sm_70.ptx 309 : 49152 445152 0 0 0 0 0 0 0 
main.1.sm_70.ptx 308 : 49152 302304 0 0 0 0 0 0 0 
main.1.sm_70.ptx 307 : 49152 495168 0 0 0 0 0 0 0 
main.1.sm_70.ptx 306 : 49152 302496 0 0 0 0 0 0 0 
main.1.sm_70.ptx 305 : 49152 306144 0 0 0 0 0 0 0 
main.1.sm_70.ptx 304 : 49152 496128 0 0 0 0 0 0 0 
main.1.sm_70.ptx 303 : 49152 302016 0 0 0 0 0 0 0 
main.1.sm_70.ptx 302 : 49152 304320 0 0 0 0 0 0 0 
main.1.sm_70.ptx 301 : 49152 446784 0 0 0 0 0 0 0 
main.1.sm_70.ptx 300 : 49152 299712 0 0 0 0 0 0 0 
main.1.sm_70.ptx 299 : 49152 495072 0 0 0 0 0 0 0 
main.1.sm_70.ptx 298 : 49152 298368 0 0 0 0 0 0 0 
main.1.sm_70.ptx 297 : 49152 297120 0 0 0 0 0 0 0 
main.1.sm_70.ptx 296 : 49152 297792 0 0 0 0 0 0 0 
main.1.sm_70.ptx 295 : 49152 298944 0 0 0 0 0 0 0 
main.1.sm_70.ptx 294 : 49152 298176 0 0 0 0 0 0 0 
main.1.sm_70.ptx 293 : 49152 301440 0 0 0 0 0 0 0 
main.1.sm_70.ptx 292 : 49152 444864 0 0 0 0 0 0 0 
main.1.sm_70.ptx 291 : 49152 302112 0 0 0 0 0 0 0 
main.1.sm_70.ptx 290 : 49152 496032 0 0 0 0 0 0 0 
main.1.sm_70.ptx 289 : 49152 302880 0 0 0 0 0 0 0 
main.1.sm_70.ptx 288 : 49152 304704 0 0 0 0 0 0 0 
main.1.sm_70.ptx 287 : 49152 495360 0 0 0 0 0 0 0 
main.1.sm_70.ptx 286 : 49152 304800 0 0 0 0 0 0 0 
main.1.sm_70.ptx 285 : 49152 305568 0 0 0 0 0 0 0 
main.1.sm_70.ptx 284 : 49152 446976 0 0 0 0 0 0 0 
main.1.sm_70.ptx 283 : 49152 298752 0 0 0 0 0 0 0 
main.1.sm_70.ptx 282 : 49152 495264 0 0 0 0 0 0 0 
main.1.sm_70.ptx 281 : 49152 297984 0 0 0 0 0 0 0 
main.1.sm_70.ptx 280 : 49152 297216 0 0 0 0 0 0 0 
main.1.sm_70.ptx 279 : 49152 298176 0 0 0 0 0 0 0 
main.1.sm_70.ptx 278 : 49152 297792 0 0 0 0 0 0 0 
main.1.sm_70.ptx 277 : 49152 298752 0 0 0 0 0 0 0 
main.1.sm_70.ptx 276 : 49152 303936 0 0 0 0 0 0 0 
main.1.sm_70.ptx 275 : 49152 444000 0 0 0 0 0 0 0 
main.1.sm_70.ptx 274 : 49152 301344 0 0 0 0 0 0 0 
main.1.sm_70.ptx 273 : 49152 494592 0 0 0 0 0 0 0 
main.1.sm_70.ptx 272 : 49152 303264 0 0 0 0 0 0 0 
main.1.sm_70.ptx 271 : 49152 305280 0 0 0 0 0 0 0 
main.1.sm_70.ptx 270 : 49152 496032 0 0 0 0 0 0 0 
main.1.sm_70.ptx 269 : 49152 302592 0 0 0 0 0 0 0 
main.1.sm_70.ptx 268 : 49152 304512 0 0 0 0 0 0 0 
main.1.sm_70.ptx 267 : 49152 447360 0 0 0 0 0 0 0 
main.1.sm_70.ptx 266 : 49152 299040 0 0 0 0 0 0 0 
main.1.sm_70.ptx 265 : 49152 494208 0 0 0 0 0 0 0 
main.1.sm_70.ptx 264 : 49152 297696 0 0 0 0 0 0 0 
main.1.sm_70.ptx 263 : 49152 297792 0 0 0 0 0 0 0 
main.1.sm_70.ptx 262 : 49152 298080 0 0 0 0 0 0 0 
main.1.sm_70.ptx 261 : 49152 298176 0 0 0 0 0 0 0 
main.1.sm_70.ptx 260 : 49152 297408 0 0 0 0 0 0 0 
main.1.sm_70.ptx 259 : 49152 302208 0 0 0 0 0 0 0 
main.1.sm_70.ptx 258 : 49152 444960 0 0 0 0 0 0 0 
main.1.sm_70.ptx 257 : 49152 301056 0 0 0 0 0 0 0 
main.1.sm_70.ptx 256 : 49152 494976 0 0 0 0 0 0 0 
main.1.sm_70.ptx 255 : 49152 301152 0 0 0 0 0 0 0 
main.1.sm_70.ptx 254 : 49152 303360 0 0 0 0 0 0 0 
main.1.sm_70.ptx 253 : 49152 495264 0 0 0 0 0 0 0 
main.1.sm_70.ptx 252 : 49152 305568 0 0 0 0 0 0 0 
main.1.sm_70.ptx 251 : 49152 303552 0 0 0 0 0 0 0 
main.1.sm_70.ptx 250 : 49152 445728 0 0 0 0 0 0 0 
main.1.sm_70.ptx 249 : 49152 299616 0 0 0 0 0 0 0 
main.1.sm_70.ptx 248 : 49152 494112 0 0 0 0 0 0 0 
main.1.sm_70.ptx 247 : 49152 298560 0 0 0 0 0 0 0 
main.1.sm_70.ptx 246 : 49152 296928 0 0 0 0 0 0 0 
main.1.sm_70.ptx 245 : 49152 297504 0 0 0 0 0 0 0 
main.1.sm_70.ptx 244 : 49152 297696 0 0 0 0 0 0 0 
main.1.sm_70.ptx 243 : 49152 298176 0 0 0 0 0 0 0 
main.1.sm_70.ptx 139 : 49152 445152 0 0 0 0 0 0 0 
main.1.sm_70.ptx 129 : 49152 494400 0 0 0 0 0 0 0 
main.1.sm_70.ptx 128 : 49152 297504 0 0 0 0 0 0 0 
main.1.sm_70.ptx 127 : 49152 297408 0 0 0 0 0 0 0 
main.1.sm_70.ptx 950 : 3145728 16677408 0 0 0 0 0 0 0 
main.1.sm_70.ptx 126 : 49152 297888 0 0 0 0 0 0 0 
main.1.sm_70.ptx 949 : 3145728 56724096 0 0 0 0 0 0 0 
main.1.sm_70.ptx 125 : 49152 298560 0 0 0 0 0 0 0 
main.1.sm_70.ptx 948 : 3145728 19099584 0 0 0 0 0 0 0 
main.1.sm_70.ptx 124 : 49152 297792 0 0 0 0 0 0 0 
main.1.sm_70.ptx 123 : 49152 302304 0 0 0 0 0 0 0 
main.1.sm_70.ptx 122 : 49152 444672 0 0 0 0 0 0 0 
main.1.sm_70.ptx 121 : 49152 302208 0 0 0 0 0 0 0 
main.1.sm_70.ptx 944 : 3145728 28380288 0 0 0 0 0 0 0 
main.1.sm_70.ptx 120 : 49152 496224 0 0 0 0 0 0 0 
main.1.sm_70.ptx 943 : 3145728 18947040 0 0 0 0 0 0 0 
main.1.sm_70.ptx 119 : 49152 301440 0 0 0 0 0 0 0 
main.1.sm_70.ptx 942 : 3145728 26021472 0 0 0 0 0 0 0 
main.1.sm_70.ptx 118 : 49152 304512 0 0 0 0 0 0 0 
main.1.sm_70.ptx 941 : 3145728 18958176 0 0 0 0 0 0 0 
main.1.sm_70.ptx 117 : 49152 495264 0 0 0 0 0 0 0 
main.1.sm_70.ptx 940 : 3145728 18941184 0 0 0 0 0 0 0 
main.1.sm_70.ptx 116 : 49152 301248 0 0 0 0 0 0 0 
main.1.sm_70.ptx 115 : 49152 303552 0 0 0 0 0 0 0 
main.1.sm_70.ptx 114 : 49152 444960 0 0 0 0 0 0 0 
main.1.sm_70.ptx 113 : 49152 298848 0 0 0 0 0 0 0 
main.1.sm_70.ptx 112 : 49152 494208 0 0 0 0 0 0 0 
main.1.sm_70.ptx 935 : 3145728 16597056 0 0 0 0 0 0 0 
main.1.sm_70.ptx 111 : 49152 296928 0 0 0 0 0 0 0 
main.1.sm_70.ptx 934 : 3145728 18952800 0 0 0 0 0 0 0 
main.1.sm_70.ptx 110 : 49152 298656 0 0 0 0 0 0 0 
main.1.sm_70.ptx 933 : 3145728 18927840 0 0 0 0 0 0 0 
main.1.sm_70.ptx 109 : 49152 298080 0 0 0 0 0 0 0 
main.1.sm_70.ptx 108 : 49152 297696 0 0 0 0 0 0 0 
main.1.sm_70.ptx 107 : 49152 297888 0 0 0 0 0 0 0 
main.1.sm_70.ptx 106 : 49152 449088 0 0 0 0 0 0 0 
main.1.sm_70.ptx 929 : 3145728 28363296 0 0 0 0 0 0 0 
main.1.sm_70.ptx 105 : 49152 445056 0 0 0 0 0 0 0 
main.1.sm_70.ptx 928 : 3145728 18938112 0 0 0 0 0 0 0 
main.1.sm_70.ptx 104 : 49152 300672 0 0 0 0 0 0 0 
main.1.sm_70.ptx 927 : 3145728 26314176 0 0 0 0 0 0 0 
main.1.sm_70.ptx 103 : 49152 494688 0 0 0 0 0 0 0 
main.1.sm_70.ptx 926 : 3145728 19019904 0 0 0 0 0 0 0 
main.1.sm_70.ptx 102 : 49152 302880 0 0 0 0 0 0 0 
main.1.sm_70.ptx 925 : 3145728 18941952 0 0 0 0 0 0 0 
main.1.sm_70.ptx 101 : 49152 304800 0 0 0 0 0 0 0 
main.1.sm_70.ptx 100 : 49152 495552 0 0 0 0 0 0 0 
main.1.sm_70.ptx 99 : 49152 300288 0 0 0 0 0 0 0 
main.1.sm_70.ptx 98 : 49152 300480 0 0 0 0 0 0 0 
main.1.sm_70.ptx 97 : 49152 298656 0 0 0 0 0 0 0 
main.1.sm_70.ptx 920 : 3145728 17496672 0 0 0 0 0 0 0 
main.1.sm_70.ptx 96 : 49152 445536 0 0 0 0 0 0 0 
main.1.sm_70.ptx 919 : 3145728 56841024 0 0 0 0 0 0 0 
main.1.sm_70.ptx 95 : 49152 302976 0 0 0 0 0 0 0 
main.1.sm_70.ptx 918 : 3145728 31518240 0 0 0 0 0 0 0 
main.1.sm_70.ptx 94 : 49152 445056 0 0 0 0 0 0 0 
main.1.sm_70.ptx 917 : 3145728 56686080 0 0 0 0 0 0 0 
main.1.sm_70.ptx 93 : 49152 299328 0 0 0 0 0 0 0 
main.1.sm_70.ptx 916 : 3145728 18930432 0 0 0 0 0 0 0 
main.1.sm_70.ptx 92 : 49152 300000 0 0 0 0 0 0 0 
main.1.sm_70.ptx 91 : 49152 308736 0 0 0 0 0 0 0 
main.1.sm_70.ptx 55 : 12288 179840 0 1536 384 0 0 0 0 
main.1.sm_70.ptx 878 : 3145728 18913440 0 0 0 0 0 0 0 
main.1.sm_70.ptx 54 : 12288 142976 0 1536 384 0 0 0 0 
main.1.sm_70.ptx 877 : 3145728 25616352 0 0 0 0 0 0 0 
main.1.sm_70.ptx 53 : 12288 106112 0 1536 384 0 0 0 0 
main.1.sm_70.ptx 876 : 3145728 18906240 0 0 0 0 0 0 0 
main.1.sm_70.ptx 52 : 12288 110592 0 0 0 0 0 0 0 
main.1.sm_70.ptx 875 : 3145728 19066176 0 0 0 0 0 0 0 
main.1.sm_70.ptx 51 : 12288 61440 0 0 0 0 0 0 0 
main.1.sm_70.ptx 50 : 12288 73728 0 0 0 0 0 0 0 
main.1.sm_70.ptx 49 : 12288 5655552 16384 0 0 6144 384 0 0 
main.1.sm_70.ptx 48 : 12288 110592 0 0 0 0 0 0 0 
main.1.sm_70.ptx 47 : 12288 110592 0 0 0 0 0 0 0 
main.1.sm_70.ptx 870 : 3145728 31496544 0 0 0 0 0 0 0 
main.1.sm_70.ptx 46 : 12288 73728 0 0 0 0 0 0 0 
main.1.sm_70.ptx 869 : 3145728 80440128 0 228864 98304 0 0 0 0 
main.1.sm_70.ptx 56 : 12288 216704 0 1536 384 0 0 0 0 
main.1.sm_70.ptx 879 : 3145728 28342752 0 0 0 0 0 0 0 
main.1.sm_70.ptx 130 : 49152 299136 0 0 0 0 0 0 0 
main.1.sm_70.ptx 442 : 49152 302496 0 0 0 0 0 0 0 
main.1.sm_70.ptx 33 : 3072 19200 0 0 0 0 0 0 0 
main.1.sm_70.ptx 232 : 49152 299712 0 0 0 0 0 0 0 
main.1.sm_70.ptx 57 : 12288 110592 0 0 0 0 0 0 0 
main.1.sm_70.ptx 131 : 49152 445536 0 0 0 0 0 0 0 
main.1.sm_70.ptx 443 : 49152 494112 0 0 0 0 0 0 0 
main.1.sm_70.ptx 34 : 3072 26112 0 0 0 0 0 0 0 
main.1.sm_70.ptx 857 : 3145728 18927360 0 0 0 0 0 0 0 
main.1.sm_70.ptx 233 : 49152 446880 0 0 0 0 0 0 0 
main.1.sm_70.ptx 81 : 49152 266016 0 0 0 0 0 0 0 
main.1.sm_70.ptx 132 : 49152 304416 0 0 0 0 0 0 0 
main.1.sm_70.ptx 955 : 3145728 18960864 0 0 0 0 0 0 0 
main.1.sm_70.ptx 444 : 49152 299904 0 0 0 0 0 0 0 
main.1.sm_70.ptx 35 : 3072 18432 0 0 0 0 0 0 0 
main.1.sm_70.ptx 858 : 3145728 18918144 0 0 0 0 0 0 0 
main.1.sm_70.ptx 234 : 49152 305280 0 0 0 0 0 0 0 
main.1.sm_70.ptx 82 : 49152 262752 0 0 0 0 0 0 0 
main.1.sm_70.ptx 133 : 49152 302976 0 0 0 0 0 0 0 
main.1.sm_70.ptx 956 : 3145728 19064640 0 0 0 0 0 0 0 
main.1.sm_70.ptx 445 : 49152 445632 0 0 0 0 0 0 0 
main.1.sm_70.ptx 36 : 3072 15744 0 0 0 0 0 0 0 
main.1.sm_70.ptx 859 : 3145728 25713216 0 0 0 0 0 0 0 
main.1.sm_70.ptx 235 : 49152 303456 0 0 0 0 0 0 0 
main.1.sm_70.ptx 83 : 49152 1294560 0 0 0 0 0 0 0 
main.1.sm_70.ptx 134 : 49152 495072 0 0 0 0 0 0 0 
main.1.sm_70.ptx 957 : 3145728 26541408 0 0 0 0 0 0 0 
main.1.sm_70.ptx 446 : 49152 303360 0 0 0 0 0 0 0 
main.1.sm_70.ptx 37 : 3072 15360 0 0 0 0 0 0 0 
main.1.sm_70.ptx 860 : 3145728 18919296 0 0 0 0 0 0 0 
main.1.sm_70.ptx 236 : 49152 496416 0 0 0 0 0 0 0 
main.1.sm_70.ptx 84 : 49152 1301856 0 0 0 0 0 0 0 
main.1.sm_70.ptx 135 : 49152 304320 0 0 0 0 0 0 0 
main.1.sm_70.ptx 958 : 3145728 18935616 0 0 0 0 0 0 0 
main.1.sm_70.ptx 447 : 49152 297408 0 0 0 0 0 0 0 
main.1.sm_70.ptx 38 : 3072 18432 0 0 0 0 0 0 0 
main.1.sm_70.ptx 861 : 3145728 28349376 0 0 0 0 0 0 0 
main.1.sm_70.ptx 237 : 49152 304224 0 0 0 0 0 0 0 
main.1.sm_70.ptx 136 : 49152 303360 0 0 0 0 0 0 0 
main.1.sm_70.ptx 959 : 3145728 28365792 0 0 0 0 0 0 0 
main.1.sm_70.ptx 448 : 49152 298560 0 0 0 0 0 0 0 
main.1.sm_70.ptx 39 : 3072 18432 0 0 0 0 0 0 0 
main.1.sm_70.ptx 238 : 49152 301632 0 0 0 0 0 0 0 
main.1.sm_70.ptx 86 : 49152 299616 0 0 0 0 0 0 0 
main.1.sm_70.ptx 909 : 3145728 18934176 0 0 0 0 0 0 0 
main.1.sm_70.ptx 137 : 49152 495744 0 0 0 0 0 0 0 
main.1.sm_70.ptx 449 : 49152 297408 0 0 0 0 0 0 0 
main.1.sm_70.ptx 40 : 3072 18432 0 0 0 0 0 0 0 
main.1.sm_70.ptx 239 : 49152 495552 0 0 0 0 0 0 0 
main.1.sm_70.ptx 138 : 49152 300672 0 0 0 0 0 0 0 
main.1.sm_70.ptx 450 : 49152 296928 0 0 0 0 0 0 0 
main.1.sm_70.ptx 41 : 3072 0 0 0 0 0 0 0 0 
main.1.sm_70.ptx 240 : 49152 302688 0 0 0 0 0 0 0 
main.1.sm_70.ptx 88 : 49152 299328 0 0 0 0 0 0 0 
main.1.sm_70.ptx 911 : 3145728 18927648 0 0 0 0 0 0 0 
main.1.sm_70.ptx 140 : 49152 302496 0 0 0 0 0 0 0 
main.1.sm_70.ptx 963 : 3145728 18925248 0 0 0 0 0 0 0 
main.1.sm_70.ptx 452 : 49152 495072 0 0 0 0 0 0 0 
main.1.sm_70.ptx 43 : 3072 18432 0 0 0 0 0 0 0 
main.1.sm_70.ptx 866 : 3145728 18934560 0 0 0 0 0 0 0 
main.1.sm_70.ptx 242 : 49152 304512 0 0 0 0 0 0 0 
main.1.sm_70.ptx 90 : 49152 449664 0 0 0 0 0 0 0 
main.1.sm_70.ptx 58 : 12288 73728 0 0 0 0 0 0 0 
main.1.sm_70.ptx 59 : 12288 46080 0 0 0 0 0 0 0 
main.1.sm_70.ptx 62 : 3072 15360 0 0 0 0 0 0 0 
main.1.sm_70.ptx 885 : 3145728 18945984 0 0 0 0 0 0 0 
main.1.sm_70.ptx 63 : 3072 15936 0 0 0 0 0 0 0 
main.1.sm_70.ptx 886 : 3145728 18913728 0 0 0 0 0 0 0 
main.1.sm_70.ptx 64 : 3072 18432 0 0 0 0 0 0 0 
main.1.sm_70.ptx 887 : 3145728 28350240 0 0 0 0 0 0 0 
main.1.sm_70.ptx 65 : 3072 18432 0 0 0 0 0 0 0 
main.1.sm_70.ptx 888 : 3145728 80273472 0 228864 98304 0 0 0 0 
main.1.sm_70.ptx 66 : 3072 18432 0 0 0 0 0 0 0 
main.1.sm_70.ptx 889 : 3145728 18937056 0 0 0 0 0 0 0 
main.1.sm_70.ptx 67 : 3072 18432 0 0 0 0 0 0 0 
main.1.sm_70.ptx 890 : 3145728 28359168 0 0 0 0 0 0 0 
main.1.sm_70.ptx 68 : 3072 18432 0 0 0 0 0 0 0 
main.1.sm_70.ptx 69 : 3072 18432 0 0 0 0 0 0 0 
main.1.sm_70.ptx 70 : 3072 18432 0 0 0 0 0 0 0 
main.1.sm_70.ptx 71 : 3072 18432 0 0 0 0 0 0 0 
main.1.sm_70.ptx 72 : 3072 18432 0 0 0 0 0 0 0 
main.1.sm_70.ptx 895 : 3145728 19078944 0 0 0 0 0 0 0 
main.1.sm_70.ptx 73 : 3072 18432 0 0 0 0 0 0 0 
main.1.sm_70.ptx 896 : 3145728 18926784 0 0 0 0 0 0 0 
main.1.sm_70.ptx 77 : 49152 259200 0 0 0 0 0 0 0 
main.1.sm_70.ptx 79 : 49152 297696 0 0 0 0 0 0 0 
main.1.sm_70.ptx 89 : 49152 300096 0 0 0 0 0 0 0 
main.1.sm_70.ptx 912 : 3145728 28356192 0 0 0 0 0 0 0 
main.1.sm_70.ptx 141 : 49152 298560 0 0 0 0 0 0 0 
main.1.sm_70.ptx 142 : 49152 297696 0 0 0 0 0 0 0 
main.1.sm_70.ptx 143 : 49152 296928 0 0 0 0 0 0 0 
main.1.sm_70.ptx 144 : 49152 296544 0 0 0 0 0 0 0 
main.1.sm_70.ptx 145 : 49152 297600 0 0 0 0 0 0 0 
main.1.sm_70.ptx 968 : 3145728 18952416 0 0 0 0 0 0 0 
main.1.sm_70.ptx 146 : 49152 494592 0 0 0 0 0 0 0 
main.1.sm_70.ptx 969 : 3145728 18937632 0 0 0 0 0 0 0 
main.1.sm_70.ptx 147 : 49152 299328 0 0 0 0 0 0 0 
main.1.sm_70.ptx 970 : 3145728 25937760 0 0 0 0 0 0 0 
main.1.sm_70.ptx 148 : 49152 447744 0 0 0 0 0 0 0 
main.1.sm_70.ptx 971 : 3145728 18939168 0 0 0 0 0 0 0 
main.1.sm_70.ptx 149 : 49152 305376 0 0 0 0 0 0 0 
main.1.sm_70.ptx 972 : 3145728 28372128 0 0 0 0 0 0 0 
main.1.sm_70.ptx 150 : 49152 304320 0 0 0 0 0 0 0 
main.1.sm_70.ptx 151 : 49152 494688 0 0 0 0 0 0 0 
main.1.sm_70.ptx 152 : 49152 303744 0 0 0 0 0 0 0 
main.1.sm_70.ptx 153 : 49152 303456 0 0 0 0 0 0 0 
main.1.sm_70.ptx 154 : 49152 495744 0 0 0 0 0 0 0 
main.1.sm_70.ptx 155 : 49152 301632 0 0 0 0 0 0 0 
main.1.sm_70.ptx 156 : 49152 445152 0 0 0 0 0 0 0 
main.1.sm_70.ptx 157 : 49152 304992 0 0 0 0 0 0 0 
main.1.sm_70.ptx 980 : 3145728 19146624 0 0 0 0 0 0 0 
main.1.sm_70.ptx 158 : 49152 297792 0 0 0 0 0 0 0 
main.1.sm_70.ptx 981 : 3145728 18954528 0 0 0 0 0 0 0 
main.1.sm_70.ptx 159 : 49152 297984 0 0 0 0 0 0 0 
main.1.sm_70.ptx 982 : 3145728 26006592 0 0 0 0 0 0 0 
main.1.sm_70.ptx 160 : 49152 297120 0 0 0 0 0 0 0 
main.1.sm_70.ptx 983 : 3145728 18929376 0 0 0 0 0 0 0 
main.1.sm_70.ptx 161 : 49152 297408 0 0 0 0 0 0 0 
main.1.sm_70.ptx 984 : 3145728 28372224 0 0 0 0 0 0 0 
main.1.sm_70.ptx 162 : 49152 296832 0 0 0 0 0 0 0 
main.1.sm_70.ptx 163 : 49152 494880 0 0 0 0 0 0 0 
main.1.sm_70.ptx 164 : 49152 299424 0 0 0 0 0 0 0 
main.1.sm_70.ptx 165 : 49152 447744 0 0 0 0 0 0 0 
main.1.sm_70.ptx 988 : 3145728 18935328 0 0 0 0 0 0 0 
main.1.sm_70.ptx 166 : 49152 303456 0 0 0 0 0 0 0 
main.1.sm_70.ptx 167 : 49152 303456 0 0 0 0 0 0 0 
main.1.sm_70.ptx 168 : 49152 496032 0 0 0 0 0 0 0 
main.1.sm_70.ptx 169 : 49152 304704 0 0 0 0 0 0 0 
main.1.sm_70.ptx 170 : 49152 302304 0 0 0 0 0 0 0 
main.1.sm_70.ptx 993 : 3145728 18954624 0 0 0 0 0 0 0 
main.1.sm_70.ptx 171 : 49152 494784 0 0 0 0 0 0 0 
main.1.sm_70.ptx 994 : 3145728 18930336 0 0 0 0 0 0 0 
main.1.sm_70.ptx 172 : 49152 301056 0 0 0 0 0 0 0 
main.1.sm_70.ptx 995 : 3145728 25891200 0 0 0 0 0 0 0 
main.1.sm_70.ptx 173 : 49152 444960 0 0 0 0 0 0 0 
main.1.sm_70.ptx 996 : 3145728 18930528 0 0 0 0 0 0 0 
main.1.sm_70.ptx 174 : 49152 301536 0 0 0 0 0 0 0 
main.1.sm_70.ptx 997 : 3145728 28365984 0 0 0 0 0 0 0 
main.1.sm_70.ptx 175 : 49152 298272 0 0 0 0 0 0 0 
main.1.sm_70.ptx 176 : 49152 297312 0 0 0 0 0 0 0 
main.1.sm_70.ptx 177 : 49152 297216 0 0 0 0 0 0 0 
main.1.sm_70.ptx 178 : 49152 296448 0 0 0 0 0 0 0 
main.1.sm_70.ptx 1001 : 3145728 31507392 0 0 0 0 0 0 0 
main.1.sm_70.ptx 179 : 49152 297792 0 0 0 0 0 0 0 
main.1.sm_70.ptx 180 : 49152 495072 0 0 0 0 0 0 0 
main.1.sm_70.ptx 181 : 49152 298176 0 0 0 0 0 0 0 
main.1.sm_70.ptx 182 : 49152 446688 0 0 0 0 0 0 0 
main.1.sm_70.ptx 183 : 49152 305472 0 0 0 0 0 0 0 
main.1.sm_70.ptx 1006 : 3145728 19125984 0 0 0 0 0 0 0 
main.1.sm_70.ptx 184 : 49152 303168 0 0 0 0 0 0 0 
main.1.sm_70.ptx 1007 : 3145728 18938880 0 0 0 0 0 0 0 
main.1.sm_70.ptx 185 : 49152 496224 0 0 0 0 0 0 0 
main.1.sm_70.ptx 186 : 49152 305472 0 0 0 0 0 0 0 
main.1.sm_70.ptx 187 : 49152 301728 0 0 0 0 0 0 0 
main.1.sm_70.ptx 188 : 49152 495360 0 0 0 0 0 0 0 
main.1.sm_70.ptx 189 : 49152 301728 0 0 0 0 0 0 0 
main.1.sm_70.ptx 190 : 49152 444960 0 0 0 0 0 0 0 
main.1.sm_70.ptx 191 : 49152 302880 0 0 0 0 0 0 0 
main.1.sm_70.ptx 192 : 49152 297312 0 0 0 0 0 0 0 
main.1.sm_70.ptx 193 : 49152 298560 0 0 0 0 0 0 0 
main.1.sm_70.ptx 194 : 49152 297696 0 0 0 0 0 0 0 
main.1.sm_70.ptx 195 : 49152 297600 0 0 0 0 0 0 0 
main.1.sm_70.ptx 196 : 49152 298848 0 0 0 0 0 0 0 
main.1.sm_70.ptx 197 : 49152 495168 0 0 0 0 0 0 0 
main.1.sm_70.ptx 198 : 49152 299040 0 0 0 0 0 0 0 
main.1.sm_70.ptx 199 : 49152 448320 0 0 0 0 0 0 0 
main.1.sm_70.ptx 200 : 49152 303552 0 0 0 0 0 0 0 
main.1.sm_70.ptx 201 : 49152 303264 0 0 0 0 0 0 0 
main.1.sm_70.ptx 202 : 49152 495648 0 0 0 0 0 0 0 
main.1.sm_70.ptx 203 : 49152 304224 0 0 0 0 0 0 0 
main.1.sm_70.ptx 204 : 49152 302976 0 0 0 0 0 0 0 
main.1.sm_70.ptx 205 : 49152 496128 0 0 0 0 0 0 0 
main.1.sm_70.ptx 206 : 49152 300864 0 0 0 0 0 0 0 
main.1.sm_70.ptx 207 : 49152 445632 0 0 0 0 0 0 0 
main.1.sm_70.ptx 208 : 49152 304128 0 0 0 0 0 0 0 
main.1.sm_70.ptx 209 : 49152 297888 0 0 0 0 0 0 0 
main.1.sm_70.ptx 210 : 49152 298080 0 0 0 0 0 0 0 
main.1.sm_70.ptx 211 : 49152 297216 0 0 0 0 0 0 0 
main.1.sm_70.ptx 212 : 49152 297216 0 0 0 0 0 0 0 
main.1.sm_70.ptx 213 : 49152 297504 0 0 0 0 0 0 0 
main.1.sm_70.ptx 214 : 49152 494976 0 0 0 0 0 0 0 
main.1.sm_70.ptx 215 : 49152 298944 0 0 0 0 0 0 0 
main.1.sm_70.ptx 216 : 49152 446208 0 0 0 0 0 0 0 
main.1.sm_70.ptx 217 : 49152 305184 0 0 0 0 0 0 0 
main.1.sm_70.ptx 218 : 49152 302880 0 0 0 0 0 0 0 
main.1.sm_70.ptx 219 : 49152 495456 0 0 0 0 0 0 0 
main.1.sm_70.ptx 220 : 49152 305184 0 0 0 0 0 0 0 
main.1.sm_70.ptx 221 : 49152 303264 0 0 0 0 0 0 0 
main.1.sm_70.ptx 222 : 49152 494592 0 0 0 0 0 0 0 
main.1.sm_70.ptx 223 : 49152 302016 0 0 0 0 0 0 0 
main.1.sm_70.ptx 224 : 49152 445056 0 0 0 0 0 0 0 
main.1.sm_70.ptx 225 : 49152 302976 0 0 0 0 0 0 0 
main.1.sm_70.ptx 226 : 49152 298464 0 0 0 0 0 0 0 
main.1.sm_70.ptx 227 : 49152 298080 0 0 0 0 0 0 0 
main.1.sm_70.ptx 228 : 49152 297600 0 0 0 0 0 0 0 
main.1.sm_70.ptx 229 : 49152 296544 0 0 0 0 0 0 0 
main.1.sm_70.ptx 230 : 49152 297888 0 0 0 0 0 0 0 
main.1.sm_70.ptx 231 : 49152 494208 0 0 0 0 0 0 0 
main.1.sm_70.ptx 241 : 49152 445920 0 0 0 0 0 0 0 
main.1.sm_70.ptx 453 : 49152 298272 0 0 0 0 0 0 0 
main.1.sm_70.ptx 454 : 49152 446304 0 0 0 0 0 0 0 
main.1.sm_70.ptx 455 : 49152 303936 0 0 0 0 0 0 0 
main.1.sm_70.ptx 456 : 49152 301920 0 0 0 0 0 0 0 
main.1.sm_70.ptx 457 : 49152 495456 0 0 0 0 0 0 0 
main.1.sm_70.ptx 458 : 49152 304992 0 0 0 0 0 0 0 
main.1.sm_70.ptx 459 : 49152 302784 0 0 0 0 0 0 0 
main.1.sm_70.ptx 460 : 49152 494496 0 0 0 0 0 0 0 
main.1.sm_70.ptx 461 : 49152 298752 0 0 0 0 0 0 0 
main.1.sm_70.ptx 462 : 49152 443904 0 0 0 0 0 0 0 
main.1.sm_70.ptx 463 : 49152 303552 0 0 0 0 0 0 0 
main.1.sm_70.ptx 464 : 49152 297408 0 0 0 0 0 0 0 
main.1.sm_70.ptx 465 : 49152 297504 0 0 0 0 0 0 0 
main.1.sm_70.ptx 466 : 49152 297024 0 0 0 0 0 0 0 
main.1.sm_70.ptx 467 : 49152 297600 0 0 0 0 0 0 0 
main.1.sm_70.ptx 468 : 49152 297984 0 0 0 0 0 0 0 
main.1.sm_70.ptx 469 : 49152 494784 0 0 0 0 0 0 0 
main.1.sm_70.ptx 470 : 49152 298176 0 0 0 0 0 0 0 
main.1.sm_70.ptx 471 : 49152 446688 0 0 0 0 0 0 0 
main.1.sm_70.ptx 472 : 49152 304608 0 0 0 0 0 0 0 
main.1.sm_70.ptx 473 : 49152 301632 0 0 0 0 0 0 0 
main.1.sm_70.ptx 474 : 49152 494880 0 0 0 0 0 0 0 
main.1.sm_70.ptx 475 : 49152 302976 0 0 0 0 0 0 0 
main.1.sm_70.ptx 476 : 49152 300672 0 0 0 0 0 0 0 
main.1.sm_70.ptx 477 : 49152 494304 0 0 0 0 0 0 0 
main.1.sm_70.ptx 478 : 49152 300096 0 0 0 0 0 0 0 
main.1.sm_70.ptx 479 : 49152 444960 0 0 0 0 0 0 0 
main.1.sm_70.ptx 480 : 49152 302784 0 0 0 0 0 0 0 
main.1.sm_70.ptx 481 : 49152 298656 0 0 0 0 0 0 0 
main.1.sm_70.ptx 482 : 49152 297792 0 0 0 0 0 0 0 
main.1.sm_70.ptx 483 : 49152 297696 0 0 0 0 0 0 0 
main.1.sm_70.ptx 484 : 49152 297600 0 0 0 0 0 0 0 
main.1.sm_70.ptx 485 : 49152 298176 0 0 0 0 0 0 0 
main.1.sm_70.ptx 486 : 49152 495456 0 0 0 0 0 0 0 
main.1.sm_70.ptx 487 : 49152 297216 0 0 0 0 0 0 0 
main.1.sm_70.ptx 488 : 49152 446112 0 0 0 0 0 0 0 
main.1.sm_70.ptx 489 : 49152 303936 0 0 0 0 0 0 0 
main.1.sm_70.ptx 490 : 49152 301440 0 0 0 0 0 0 0 
main.1.sm_70.ptx 491 : 49152 494400 0 0 0 0 0 0 0 
main.1.sm_70.ptx 492 : 49152 304224 0 0 0 0 0 0 0 
main.1.sm_70.ptx 493 : 49152 301440 0 0 0 0 0 0 0 
main.1.sm_70.ptx 494 : 49152 494592 0 0 0 0 0 0 0 
main.1.sm_70.ptx 495 : 49152 300864 0 0 0 0 0 0 0 
main.1.sm_70.ptx 496 : 49152 444672 0 0 0 0 0 0 0 
main.1.sm_70.ptx 497 : 49152 300384 0 0 0 0 0 0 0 
main.1.sm_70.ptx 498 : 49152 297888 0 0 0 0 0 0 0 
main.1.sm_70.ptx 499 : 49152 298176 0 0 0 0 0 0 0 
main.1.sm_70.ptx 500 : 49152 297408 0 0 0 0 0 0 0 
main.1.sm_70.ptx 501 : 49152 296832 0 0 0 0 0 0 0 
main.1.sm_70.ptx 502 : 49152 298656 0 0 0 0 0 0 0 
main.1.sm_70.ptx 503 : 49152 495744 0 0 0 0 0 0 0 
main.1.sm_70.ptx 504 : 49152 297888 0 0 0 0 0 0 0 
main.1.sm_70.ptx 505 : 49152 447264 0 0 0 0 0 0 0 
main.1.sm_70.ptx 506 : 49152 305568 0 0 0 0 0 0 0 
main.1.sm_70.ptx 507 : 49152 301152 0 0 0 0 0 0 0 
main.1.sm_70.ptx 508 : 49152 494592 0 0 0 0 0 0 0 
main.1.sm_70.ptx 509 : 49152 304512 0 0 0 0 0 0 0 
main.1.sm_70.ptx 510 : 49152 301344 0 0 0 0 0 0 0 
main.1.sm_70.ptx 511 : 49152 494496 0 0 0 0 0 0 0 
main.1.sm_70.ptx 512 : 49152 301056 0 0 0 0 0 0 0 
main.1.sm_70.ptx 513 : 49152 444384 0 0 0 0 0 0 0 
main.1.sm_70.ptx 514 : 49152 302496 0 0 0 0 0 0 0 
main.1.sm_70.ptx 515 : 49152 299040 0 0 0 0 0 0 0 
main.1.sm_70.ptx 516 : 49152 299520 0 0 0 0 0 0 0 
main.1.sm_70.ptx 517 : 49152 297216 0 0 0 0 0 0 0 
main.1.sm_70.ptx 518 : 49152 296160 0 0 0 0 0 0 0 
main.1.sm_70.ptx 519 : 49152 299520 0 0 0 0 0 0 0 
main.1.sm_70.ptx 520 : 49152 495840 0 0 0 0 0 0 0 
main.1.sm_70.ptx 521 : 49152 299136 0 0 0 0 0 0 0 
main.1.sm_70.ptx 522 : 49152 445440 0 0 0 0 0 0 0 
main.1.sm_70.ptx 523 : 49152 304800 0 0 0 0 0 0 0 
main.1.sm_70.ptx 524 : 49152 302976 0 0 0 0 0 0 0 
main.1.sm_70.ptx 525 : 49152 495744 0 0 0 0 0 0 0 
main.1.sm_70.ptx 526 : 49152 304992 0 0 0 0 0 0 0 
main.1.sm_70.ptx 527 : 49152 301440 0 0 0 0 0 0 0 
main.1.sm_70.ptx 528 : 49152 494496 0 0 0 0 0 0 0 
main.1.sm_70.ptx 529 : 49152 301824 0 0 0 0 0 0 0 
main.1.sm_70.ptx 530 : 49152 444960 0 0 0 0 0 0 0 
main.1.sm_70.ptx 531 : 49152 302784 0 0 0 0 0 0 0 
main.1.sm_70.ptx 532 : 49152 298368 0 0 0 0 0 0 0 
main.1.sm_70.ptx 533 : 49152 298656 0 0 0 0 0 0 0 
main.1.sm_70.ptx 534 : 49152 297888 0 0 0 0 0 0 0 
main.1.sm_70.ptx 535 : 49152 297216 0 0 0 0 0 0 0 
main.1.sm_70.ptx 536 : 49152 298848 0 0 0 0 0 0 0 
main.1.sm_70.ptx 537 : 49152 495072 0 0 0 0 0 0 0 
main.1.sm_70.ptx 538 : 49152 298176 0 0 0 0 0 0 0 
main.1.sm_70.ptx 539 : 49152 446208 0 0 0 0 0 0 0 
main.1.sm_70.ptx 540 : 49152 303744 0 0 0 0 0 0 0 
main.1.sm_70.ptx 541 : 49152 303072 0 0 0 0 0 0 0 
main.1.sm_70.ptx 542 : 49152 495744 0 0 0 0 0 0 0 
main.1.sm_70.ptx 543 : 49152 303936 0 0 0 0 0 0 0 
main.1.sm_70.ptx 544 : 49152 301920 0 0 0 0 0 0 0 
main.1.sm_70.ptx 545 : 49152 493824 0 0 0 0 0 0 0 
main.1.sm_70.ptx 546 : 49152 301344 0 0 0 0 0 0 0 
main.1.sm_70.ptx 547 : 49152 445056 0 0 0 0 0 0 0 
main.1.sm_70.ptx 548 : 49152 302016 0 0 0 0 0 0 0 
main.1.sm_70.ptx 549 : 49152 297696 0 0 0 0 0 0 0 
main.1.sm_70.ptx 550 : 49152 298464 0 0 0 0 0 0 0 
main.1.sm_70.ptx 551 : 49152 297408 0 0 0 0 0 0 0 
main.1.sm_70.ptx 552 : 49152 297312 0 0 0 0 0 0 0 
main.1.sm_70.ptx 553 : 49152 297696 0 0 0 0 0 0 0 
main.1.sm_70.ptx 554 : 49152 494976 0 0 0 0 0 0 0 
main.1.sm_70.ptx 555 : 49152 298752 0 0 0 0 0 0 0 
main.1.sm_70.ptx 556 : 49152 447360 0 0 0 0 0 0 0 
main.1.sm_70.ptx 557 : 49152 303648 0 0 0 0 0 0 0 
main.1.sm_70.ptx 558 : 49152 302880 0 0 0 0 0 0 0 
main.1.sm_70.ptx 559 : 49152 495072 0 0 0 0 0 0 0 
main.1.sm_70.ptx 560 : 49152 305952 0 0 0 0 0 0 0 
main.1.sm_70.ptx 561 : 49152 303168 0 0 0 0 0 0 0 
main.1.sm_70.ptx 562 : 49152 494400 0 0 0 0 0 0 0 
main.1.sm_70.ptx 563 : 49152 301440 0 0 0 0 0 0 0 
main.1.sm_70.ptx 564 : 49152 444576 0 0 0 0 0 0 0 
main.1.sm_70.ptx 565 : 49152 302976 0 0 0 0 0 0 0 
main.1.sm_70.ptx 566 : 49152 298272 0 0 0 0 0 0 0 
main.1.sm_70.ptx 567 : 49152 298080 0 0 0 0 0 0 0 
main.1.sm_70.ptx 568 : 49152 297792 0 0 0 0 0 0 0 
main.1.sm_70.ptx 569 : 49152 296352 0 0 0 0 0 0 0 
main.1.sm_70.ptx 570 : 49152 298464 0 0 0 0 0 0 0 
main.1.sm_70.ptx 571 : 49152 495072 0 0 0 0 0 0 0 
main.1.sm_70.ptx 572 : 49152 298272 0 0 0 0 0 0 0 
main.1.sm_70.ptx 573 : 49152 446688 0 0 0 0 0 0 0 
main.1.sm_70.ptx 574 : 49152 302880 0 0 0 0 0 0 0 
main.1.sm_70.ptx 575 : 49152 300192 0 0 0 0 0 0 0 
main.1.sm_70.ptx 576 : 49152 494976 0 0 0 0 0 0 0 
main.1.sm_70.ptx 577 : 49152 303648 0 0 0 0 0 0 0 
main.1.sm_70.ptx 578 : 49152 301824 0 0 0 0 0 0 0 
main.1.sm_70.ptx 579 : 49152 493824 0 0 0 0 0 0 0 
main.1.sm_70.ptx 580 : 49152 300096 0 0 0 0 0 0 0 
main.1.sm_70.ptx 581 : 49152 444768 0 0 0 0 0 0 0 
main.1.sm_70.ptx 582 : 49152 303648 0 0 0 0 0 0 0 
main.1.sm_70.ptx 583 : 49152 297408 0 0 0 0 0 0 0 
main.1.sm_70.ptx 584 : 49152 299040 0 0 0 0 0 0 0 
main.1.sm_70.ptx 585 : 49152 298272 0 0 0 0 0 0 0 
main.1.sm_70.ptx 586 : 49152 296736 0 0 0 0 0 0 0 
main.1.sm_70.ptx 587 : 49152 296736 0 0 0 0 0 0 0 
main.1.sm_70.ptx 588 : 49152 493248 0 0 0 0 0 0 0 
main.1.sm_70.ptx 589 : 49152 297792 0 0 0 0 0 0 0 
main.1.sm_70.ptx 590 : 49152 446016 0 0 0 0 0 0 0 
main.1.sm_70.ptx 591 : 49152 303360 0 0 0 0 0 0 0 
main.1.sm_70.ptx 592 : 49152 303744 0 0 0 0 0 0 0 
main.1.sm_70.ptx 593 : 49152 493728 0 0 0 0 0 0 0 
main.1.sm_70.ptx 594 : 49152 302400 0 0 0 0 0 0 0 
main.1.sm_70.ptx 595 : 49152 300384 0 0 0 0 0 0 0 
main.1.sm_70.ptx 596 : 49152 493824 0 0 0 0 0 0 0 
main.1.sm_70.ptx 597 : 49152 299616 0 0 0 0 0 0 0 
main.1.sm_70.ptx 598 : 49152 444576 0 0 0 0 0 0 0 
main.1.sm_70.ptx 599 : 49152 302016 0 0 0 0 0 0 0 
main.1.sm_70.ptx 600 : 49152 297312 0 0 0 0 0 0 0 
main.1.sm_70.ptx 601 : 49152 297504 0 0 0 0 0 0 0 
main.1.sm_70.ptx 602 : 49152 297408 0 0 0 0 0 0 0 
main.1.sm_70.ptx 603 : 49152 296640 0 0 0 0 0 0 0 
main.1.sm_70.ptx 604 : 49152 298656 0 0 0 0 0 0 0 
main.1.sm_70.ptx 605 : 49152 494592 0 0 0 0 0 0 0 
main.1.sm_70.ptx 606 : 49152 298080 0 0 0 0 0 0 0 
main.1.sm_70.ptx 607 : 49152 446688 0 0 0 0 0 0 0 
main.1.sm_70.ptx 608 : 49152 304128 0 0 0 0 0 0 0 
main.1.sm_70.ptx 609 : 49152 301824 0 0 0 0 0 0 0 
main.1.sm_70.ptx 610 : 49152 494592 0 0 0 0 0 0 0 
main.1.sm_70.ptx 611 : 49152 302976 0 0 0 0 0 0 0 
main.1.sm_70.ptx 612 : 49152 301824 0 0 0 0 0 0 0 
main.1.sm_70.ptx 613 : 49152 493152 0 0 0 0 0 0 0 
main.1.sm_70.ptx 614 : 49152 299328 0 0 0 0 0 0 0 
main.1.sm_70.ptx 615 : 49152 444384 0 0 0 0 0 0 0 
main.1.sm_70.ptx 616 : 49152 302496 0 0 0 0 0 0 0 
main.1.sm_70.ptx 617 : 49152 298368 0 0 0 0 0 0 0 
main.1.sm_70.ptx 618 : 49152 297504 0 0 0 0 0 0 0 
main.1.sm_70.ptx 619 : 49152 296928 0 0 0 0 0 0 0 
main.1.sm_70.ptx 620 : 49152 296640 0 0 0 0 0 0 0 
main.1.sm_70.ptx 621 : 49152 297024 0 0 0 0 0 0 0 
main.1.sm_70.ptx 622 : 49152 494304 0 0 0 0 0 0 0 
main.1.sm_70.ptx 623 : 49152 297792 0 0 0 0 0 0 0 
main.1.sm_70.ptx 624 : 49152 444576 0 0 0 0 0 0 0 
main.1.sm_70.ptx 625 : 49152 302496 0 0 0 0 0 0 0 
main.1.sm_70.ptx 626 : 49152 300384 0 0 0 0 0 0 0 
main.1.sm_70.ptx 627 : 49152 304512 0 0 0 0 0 0 0 
main.1.sm_70.ptx 628 : 49152 493344 0 0 0 0 0 0 0 
main.1.sm_70.ptx 629 : 49152 497376 0 0 0 0 0 0 0 
main.1.sm_70.ptx 630 : 49152 297696 0 0 0 0 0 0 0 
main.1.sm_70.ptx 631 : 49152 444672 0 0 0 0 0 0 0 
main.1.sm_70.ptx 632 : 49152 300960 0 0 0 0 0 0 0 
main.1.sm_70.ptx 633 : 49152 297216 0 0 0 0 0 0 0 
main.1.sm_70.ptx 634 : 49152 297216 0 0 0 0 0 0 0 
main.1.sm_70.ptx 635 : 49152 297024 0 0 0 0 0 0 0 
main.1.sm_70.ptx 636 : 49152 296160 0 0 0 0 0 0 0 
main.1.sm_70.ptx 637 : 49152 296928 0 0 0 0 0 0 0 
main.1.sm_70.ptx 638 : 49152 493536 0 0 0 0 0 0 0 
main.1.sm_70.ptx 639 : 49152 296544 0 0 0 0 0 0 0 
main.1.sm_70.ptx 640 : 49152 444960 0 0 0 0 0 0 0 
main.1.sm_70.ptx 641 : 49152 299904 0 0 0 0 0 0 0 
main.1.sm_70.ptx 642 : 49152 300000 0 0 0 0 0 0 0 
main.1.sm_70.ptx 643 : 49152 302016 0 0 0 0 0 0 0 
main.1.sm_70.ptx 644 : 49152 255744 0 0 0 0 0 0 0 
main.1.sm_70.ptx 649 : 3145728 16071168 0 0 0 0 0 0 0 
main.1.sm_70.ptx 650 : 3145728 16024512 0 0 0 0 0 0 0 
main.1.sm_70.ptx 651 : 3145728 18928224 0 0 0 0 0 0 0 
main.1.sm_70.ptx 652 : 3145728 16480512 0 0 0 0 0 0 0 
main.1.sm_70.ptx 653 : 3145728 84936960 0 0 0 0 0 0 0 
main.1.sm_70.ptx 654 : 3145728 28352640 0 0 0 0 0 0 0 
main.1.sm_70.ptx 655 : 3145728 18926880 0 0 0 0 0 0 0 
main.1.sm_70.ptx 656 : 3145728 18921504 0 0 0 0 0 0 0 
main.1.sm_70.ptx 657 : 3145728 28356000 0 0 0 0 0 0 0 
main.1.sm_70.ptx 658 : 3145728 28347072 0 0 0 0 0 0 0 
main.1.sm_70.ptx 659 : 3145728 18918048 0 0 0 0 0 0 0 
main.1.sm_70.ptx 660 : 3145728 16407552 0 0 0 0 0 0 0 
main.1.sm_70.ptx 661 : 3145728 18933984 0 0 0 0 0 0 0 
main.1.sm_70.ptx 662 : 3145728 18921696 0 0 0 0 0 0 0 
main.1.sm_70.ptx 663 : 3145728 28366368 0 0 0 0 0 0 0 
main.1.sm_70.ptx 664 : 3145728 28341312 0 0 0 0 0 0 0 
main.1.sm_70.ptx 665 : 3145728 28427328 0 0 0 0 0 0 0 
main.1.sm_70.ptx 666 : 3145728 387394560 0 0 0 786432 98304 0 0 
main.1.sm_70.ptx 667 : 3145728 15920832 0 0 0 0 0 0 0 
main.1.sm_70.ptx 668 : 3145728 18918624 0 0 0 0 0 0 0 
main.1.sm_70.ptx 669 : 3145728 18915072 0 0 0 0 0 0 0 
main.1.sm_70.ptx 670 : 3145728 16449312 0 0 0 0 0 0 0 
main.1.sm_70.ptx 671 : 3145728 28354272 0 0 0 0 0 0 0 
main.1.sm_70.ptx 672 : 3145728 82980288 0 233472 98304 0 0 0 0 
main.1.sm_70.ptx 673 : 3145728 15880416 0 0 0 0 0 0 0 
main.1.sm_70.ptx 678 : 3145728 18920448 0 0 0 0 0 0 0 
main.1.sm_70.ptx 679 : 3145728 18926016 0 0 0 0 0 0 0 
main.1.sm_70.ptx 680 : 3145728 25860096 0 0 0 0 0 0 0 
main.1.sm_70.ptx 681 : 3145728 18914208 0 0 0 0 0 0 0 
main.1.sm_70.ptx 682 : 3145728 28349280 0 0 0 0 0 0 0 
main.1.sm_70.ptx 686 : 3145728 19023264 0 0 0 0 0 0 0 
main.1.sm_70.ptx 691 : 3145728 18932544 0 0 0 0 0 0 0 
main.1.sm_70.ptx 692 : 3145728 18915264 0 0 0 0 0 0 0 
main.1.sm_70.ptx 693 : 3145728 25775904 0 0 0 0 0 0 0 
main.1.sm_70.ptx 694 : 3145728 18915072 0 0 0 0 0 0 0 
main.1.sm_70.ptx 695 : 3145728 28348224 0 0 0 0 0 0 0 
main.1.sm_70.ptx 699 : 3145728 19068096 0 0 0 0 0 0 0 
main.1.sm_70.ptx 700 : 3145728 18915456 0 0 0 0 0 0 0 
main.1.sm_70.ptx 701 : 3145728 18918816 0 0 0 0 0 0 0 
main.1.sm_70.ptx 702 : 3145728 18908832 0 0 0 0 0 0 0 
main.1.sm_70.ptx 703 : 3145728 28346016 0 0 0 0 0 0 0 
main.1.sm_70.ptx 704 : 3145728 81580704 0 227328 98304 0 0 0 0 
main.1.sm_70.ptx 709 : 3145728 18901920 0 0 0 0 0 0 0 
main.1.sm_70.ptx 710 : 3145728 18902976 0 0 0 0 0 0 0 
main.1.sm_70.ptx 711 : 3145728 25701408 0 0 0 0 0 0 0 
main.1.sm_70.ptx 712 : 3145728 18906432 0 0 0 0 0 0 0 
main.1.sm_70.ptx 713 : 3145728 28346880 0 0 0 0 0 0 0 
main.1.sm_70.ptx 717 : 3145728 18911904 0 0 0 0 0 0 0 
main.1.sm_70.ptx 718 : 3145728 18927072 0 0 0 0 0 0 0 
main.1.sm_70.ptx 719 : 3145728 31491552 0 0 0 0 0 0 0 
main.1.sm_70.ptx 720 : 3145728 19059264 0 0 0 0 0 0 0 
main.1.sm_70.ptx 721 : 3145728 18916032 0 0 0 0 0 0 0 
main.1.sm_70.ptx 722 : 3145728 28351296 0 0 0 0 0 0 0 
main.1.sm_70.ptx 723 : 3145728 81471264 0 248832 98304 0 0 0 0 
main.1.sm_70.ptx 724 : 3145728 18928416 0 0 0 0 0 0 0 
main.1.sm_70.ptx 725 : 3145728 28351392 0 0 0 0 0 0 0 
main.1.sm_70.ptx 730 : 3145728 19055808 0 0 0 0 0 0 0 
main.1.sm_70.ptx 731 : 3145728 18913632 0 0 0 0 0 0 0 
main.1.sm_70.ptx 732 : 3145728 25736544 0 0 0 0 0 0 0 
main.1.sm_70.ptx 733 : 3145728 18910272 0 0 0 0 0 0 0 
main.1.sm_70.ptx 734 : 3145728 28352736 0 0 0 0 0 0 0 
main.1.sm_70.ptx 738 : 3145728 16351584 0 0 0 0 0 0 0 
main.1.sm_70.ptx 743 : 3145728 18927264 0 0 0 0 0 0 0 
main.1.sm_70.ptx 744 : 3145728 18919872 0 0 0 0 0 0 0 
main.1.sm_70.ptx 745 : 3145728 25779840 0 0 0 0 0 0 0 
main.1.sm_70.ptx 746 : 3145728 18921024 0 0 0 0 0 0 0 
main.1.sm_70.ptx 747 : 3145728 28350912 0 0 0 0 0 0 0 
main.1.sm_70.ptx 751 : 3145728 18919584 0 0 0 0 0 0 0 
main.1.sm_70.ptx 752 : 3145728 18937536 0 0 0 0 0 0 0 
main.1.sm_70.ptx 753 : 3145728 18922176 0 0 0 0 0 0 0 
main.1.sm_70.ptx 754 : 3145728 28352544 0 0 0 0 0 0 0 
main.1.sm_70.ptx 755 : 3145728 81316992 0 239616 98304 0 0 0 0 
main.1.sm_70.ptx 756 : 3145728 15919296 0 0 0 0 0 0 0 
main.1.sm_70.ptx 761 : 3145728 18925824 0 0 0 0 0 0 0 
main.1.sm_70.ptx 762 : 3145728 18927360 0 0 0 0 0 0 0 
main.1.sm_70.ptx 763 : 3145728 25846176 0 0 0 0 0 0 0 
main.1.sm_70.ptx 764 : 3145728 18920064 0 0 0 0 0 0 0 
main.1.sm_70.ptx 765 : 3145728 28348032 0 0 0 0 0 0 0 
main.1.sm_70.ptx 769 : 3145728 18985344 0 0 0 0 0 0 0 
main.1.sm_70.ptx 770 : 3145728 28420608 0 0 0 0 0 0 0 
main.1.sm_70.ptx 771 : 3145728 18928320 0 0 0 0 0 0 0 
main.1.sm_70.ptx 772 : 3145728 28358976 0 0 0 0 0 0 0 
main.1.sm_70.ptx 773 : 3145728 19069344 0 0 0 0 0 0 0 
main.1.sm_70.ptx 774 : 3145728 18925536 0 0 0 0 0 0 0 
main.1.sm_70.ptx 775 : 3145728 28356768 0 0 0 0 0 0 0 
main.1.sm_70.ptx 776 : 3145728 81537888 0 239616 98304 0 0 0 0 
main.1.sm_70.ptx 781 : 3145728 18913632 0 0 0 0 0 0 0 
main.1.sm_70.ptx 782 : 3145728 18911616 0 0 0 0 0 0 0 
main.1.sm_70.ptx 783 : 3145728 25777344 0 0 0 0 0 0 0 
main.1.sm_70.ptx 784 : 3145728 18913632 0 0 0 0 0 0 0 
main.1.sm_70.ptx 785 : 3145728 28349376 0 0 0 0 0 0 0 
main.1.sm_70.ptx 789 : 3145728 18918240 0 0 0 0 0 0 0 
main.1.sm_70.ptx 790 : 3145728 18943488 0 0 0 0 0 0 0 
main.1.sm_70.ptx 791 : 3145728 18949440 0 0 0 0 0 0 0 
main.1.sm_70.ptx 792 : 3145728 28358976 0 0 0 0 0 0 0 
main.1.sm_70.ptx 793 : 3145728 31500096 0 0 0 0 0 0 0 
main.1.sm_70.ptx 794 : 3145728 19125888 0 0 0 0 0 0 0 
main.1.sm_70.ptx 795 : 3145728 18921312 0 0 0 0 0 0 0 
main.1.sm_70.ptx 796 : 3145728 28447488 0 0 0 0 0 0 0 
main.1.sm_70.ptx 797 : 3145728 81513984 0 239616 98304 0 0 0 0 
main.1.sm_70.ptx 798 : 3145728 15897888 0 0 0 0 0 0 0 
main.1.sm_70.ptx 803 : 3145728 18926688 0 0 0 0 0 0 0 
main.1.sm_70.ptx 804 : 3145728 18946464 0 0 0 0 0 0 0 
main.1.sm_70.ptx 805 : 3145728 25913760 0 0 0 0 0 0 0 
main.1.sm_70.ptx 806 : 3145728 18921120 0 0 0 0 0 0 0 
main.1.sm_70.ptx 807 : 3145728 28355712 0 0 0 0 0 0 0 
main.1.sm_70.ptx 811 : 3145728 18929376 0 0 0 0 0 0 0 
main.1.sm_70.ptx 812 : 3145728 18938400 0 0 0 0 0 0 0 
main.1.sm_70.ptx 813 : 3145728 18992736 0 0 0 0 0 0 0 
main.1.sm_70.ptx 814 : 3145728 28358400 0 0 0 0 0 0 0 
main.1.sm_70.ptx 815 : 3145728 19091232 0 0 0 0 0 0 0 
main.1.sm_70.ptx 816 : 3145728 18921984 0 0 0 0 0 0 0 
main.1.sm_70.ptx 817 : 3145728 28353888 0 0 0 0 0 0 0 
main.1.sm_70.ptx 818 : 3145728 80338464 0 216576 98304 0 0 0 0 
main.1.sm_70.ptx 819 : 3145728 15902688 0 0 0 0 0 0 0 
main.1.sm_70.ptx 824 : 3145728 18921504 0 0 0 0 0 0 0 
main.1.sm_70.ptx 825 : 3145728 18918912 0 0 0 0 0 0 0 
main.1.sm_70.ptx 826 : 3145728 25792128 0 0 0 0 0 0 0 
main.1.sm_70.ptx 827 : 3145728 18914880 0 0 0 0 0 0 0 
main.1.sm_70.ptx 828 : 3145728 28351008 0 0 0 0 0 0 0 
main.1.sm_70.ptx 832 : 3145728 18938880 0 0 0 0 0 0 0 
main.1.sm_70.ptx 833 : 3145728 18959136 0 0 0 0 0 0 0 
main.1.sm_70.ptx 834 : 3145728 18957024 0 0 0 0 0 0 0 
main.1.sm_70.ptx 835 : 3145728 28357824 0 0 0 0 0 0 0 
main.1.sm_70.ptx 836 : 3145728 31510944 0 0 0 0 0 0 0 
main.1.sm_70.ptx 837 : 3145728 19116288 0 0 0 0 0 0 0 
main.1.sm_70.ptx 838 : 3145728 18918624 0 0 0 0 0 0 0 
main.1.sm_70.ptx 839 : 3145728 28351968 0 0 0 0 0 0 0 
main.1.sm_70.ptx 840 : 3145728 80854368 0 230400 98304 0 0 0 0 
main.1.sm_70.ptx 841 : 3145728 18934080 0 0 0 0 0 0 0 
main.1.sm_70.ptx 842 : 3145728 28353984 0 0 0 0 0 0 0 
main.1.sm_70.ptx 843 : 3145728 56774880 0 0 0 0 0 0 0 
main.1.sm_70.ptx 844 : 3145728 31507104 0 0 0 0 0 0 0 
main.1.sm_70.ptx 845 : 3145728 19090464 0 0 0 0 0 0 0 
main.1.sm_70.ptx 846 : 3145728 18915552 0 0 0 0 0 0 0 
main.1.sm_70.ptx 847 : 3145728 28346112 0 0 0 0 0 0 0 
main.1.sm_70.ptx 848 : 3145728 81020544 0 236544 98304 0 0 0 0 
main.1.sm_70.ptx 849 : 3145728 18923520 0 0 0 0 0 0 0 
main.1.sm_70.ptx 850 : 3145728 28354944 0 0 0 0 0 0 0 
main.1.sm_70.ptx 851 : 3145728 28460928 0 0 0 0 0 0 0 
main.1.sm_70.ptx 852 : 3145728 17020704 0 0 0 0 0 0 0 
main.1.sm_70.ptx 865 : 3145728 18919488 0 0 0 0 0 0 0 
main.1.sm_70.ptx 867 : 3145728 18910560 0 0 0 0 0 0 0 
main.1.sm_70.ptx 868 : 3145728 28344672 0 0 0 0 0 0 0 
main.1.sm_70.ptx 883 : 3145728 56759616 0 0 0 0 0 0 0 
main.1.sm_70.ptx 884 : 3145728 18973152 0 0 0 0 0 0 0 
main.1.sm_70.ptx 897 : 3145728 25781184 0 0 0 0 0 0 0 
main.1.sm_70.ptx 898 : 3145728 18920736 0 0 0 0 0 0 0 
main.1.sm_70.ptx 899 : 3145728 28359840 0 0 0 0 0 0 0 
main.1.sm_70.ptx 903 : 3145728 16405632 0 0 0 0 0 0 0 
main.1.sm_70.ptx 908 : 3145728 18940224 0 0 0 0 0 0 0 
main.1.sm_70.ptx 910 : 3145728 25849152 0 0 0 0 0 0 0 
